 #Loading AlphaStrong grids based on MMHT2014nnlo
 # z=20*Log(2*mu)
 # number of points
         200
 # mu_ref
   1.0000000000000000     
 	1/as			exp(Igamma,lo)		exp(Igamma,nlo)		exp(Igamma,nnlo)	exp(IgammaVq,lo)		exp(IgammaVq,nlo)		exp(IgammaVq,nnlo)	IgammaLog,lo		IgammaLog,nlo		IgammaLog,nnlo
   2.3739547824301621E-003  0.43288425412373788        3.4212199333417989E-019   0.0000000000000000       0.28481160644452141        3.8324774749246361E-012   0.0000000000000000        5.9259064018839222E-002   1.1290247817424662E-086   0.0000000000000000        1.0197070176892886        58.289627260421213        5801.7111649089939     
   6.0293945200013930       0.80322157116325543       0.69072821603530932       0.58168831197174264       0.71986829248024065       0.65750763766536102       0.53554591261270701       0.47733068213284896       0.23558141371572866        7.8433912945045606E-002  0.17164901081253231       0.31151158040330373       0.49153017624841505     
   8.9425325792245527       0.83231677783520808       0.74787530240558886       0.67975812290331217       0.75933422296211883       0.71208566129096629       0.63533812951033541       0.53823779565380492       0.32624158109070345       0.17703171773693960       0.12754353099314486       0.21283902005546670       0.29777244367887207     
   11.123415951221864       0.85474606195365810       0.78692569667723589       0.73778366209710999       0.79023391170302648       0.75195918619275692       0.69622934729861818       0.58877619338578302       0.39987002499375784       0.26463989686560435        9.7279807429264842E-002  0.15486811522500399       0.20438971006239656     
   12.998250722358172       0.87386454804259883       0.81814784145637032       0.78079459592863365       0.81689489324252962       0.78520553019210604       0.74258810213823978       0.63441567880047911       0.46608524226030296       0.34558361482140720        7.4327314781249487E-002  0.11447452533861469       0.14553058479346223     
   14.697069660418975       0.89086291727811429       0.84474255265494869       0.81566231900680586       0.84084572849159722       0.81442662761463236       0.78105950966174975       0.67703594257022826       0.52791568484706053       0.42186835514244370        5.6269735627448400E-002   8.4477815545377768E-002  0.10454384045459603     
   16.279246797422335       0.90633953055028083       0.86819909857065680       0.84534086090562077       0.86285214612307459       0.84085935021382174       0.81449069006991615       0.71755775623358486       0.58677548140170432       0.49465032629077138        4.1851211864680861E-002   6.1540440836790444E-002   7.4601805003646368E-002
   17.777510645630532       0.92064885418400355       0.88935177873236126       0.87139003793395509       0.88336670347576096       0.86520826745432466       0.84438258699319879       0.75651458853218267       0.64345793467982471       0.56467588840104899        3.0305890284185667E-002   4.3792694757792600E-002   5.2217826507224410E-002
   19.212052554331084       0.93402272281728338       0.90872278030729825       0.89474081562349783       0.90268486893530042       0.88792056432784339       0.87163061611210857       0.79424843213033702       0.69845973875676892       0.63246232431032878        2.1119885430043634E-002   3.0063785609668565E-002   3.5363368780874489E-002
   20.596309343175829       0.94662323607597831       0.92666421288089718       0.91599648895229258       0.92101295886412460       0.90930145828766695       0.89681524290764880       0.83099405523959380       0.75211573878525317       0.69838634077109907        1.3925560203235883E-002   1.9563692091605245E-002   2.2750283896362043E-002
   21.939725491476583       0.95856934211880274       0.94342660584993865       0.93557193324000509       0.93850221571070536       0.92957047951692262       0.92033602950886184       0.86692081407739663       0.80466405303507704       0.76273253764331994        8.4475037116514030E-003   1.1729837246059902E-002   1.3507263872238134E-002
   23.249220271440855       0.96995158069198995       0.95919561107123319       0.95376558281068768       0.95526767643496457       0.94889191731215938       0.94248080712893179       0.90215557252584755       0.85628101071098373       0.82572214465609861        4.4720994119787812E-003   6.1449566047509238E-003   7.0160728617393951E-003
   24.530030628434584       0.98084087903163664       0.97411326173451007       0.97079983167923101       0.97139941325311840       0.96739260554690021       0.96346445396032232       0.93679622680232810       0.90710140332839451       0.88753110414010106        1.8290993628009692E-003   2.4895280789971105E-003   2.8212549960088470E-003
   25.786225687219872       0.99129410473034585       0.98829104925570521       0.98684519938353021       0.98696962070057137       0.98517294719442849       0.98345207033576310       0.97092015496078143       0.95723094641304030       0.94830199162178608        3.7982822202375487E-004   5.1250665840362267E-004   5.7695647120369672E-004
   27.021036374082925        1.0013577331015180        1.0018183624471320        1.0020355381462156        1.0020372907856161        1.0023140791391061        1.0025735543636172        1.0045897419743861        1.0067543225343658        1.0081521743232542        9.2883198554827472E-006   1.2433369842046402E-005   1.3914139256301190E-005
   28.237075106609915        1.0110703603759383        1.0147681514612392        1.0164780077092717        1.0166514134495208        1.0188827121933905        1.0209331596827482        1.0378561299611078        1.0557405789888241        1.0671795701515441        6.2068033352758291E-004   8.2475230354876598E-004   9.1806231188192304E-004
   29.436487119887975        1.0204644798276659        1.0272008553689238        1.0302598482833283        1.0308532362598180        1.0349345077651171        1.0386159847257208        1.0707618442452460        1.1042468699833456        1.1254668198517732        2.1314837698266803E-003   2.8130122744294862E-003   3.1161626863607994E-003
   30.621057652794295        1.0295677701833295        1.0391672020606439        1.0434531160723945        1.0446779022089110        1.0505164987966580        1.0556925104279773        1.1033426814471070        1.1523211235819073        1.1830843772719326        4.4705806211825395E-003   5.8625918466253917E-003   6.4658541032965762E-003
   31.792289710015812        1.0384040514145181        1.0507102521801648        1.0561180785539515        1.0581556637691607        1.0656688666165115        1.0722218546066531        1.1356290981367239        1.2000039878781543        1.2400928425253703        7.5760977990522527E-003   9.8761163980633296E-003   1.0848580696774929E-002
   32.951461662493784        1.0469940077075548        1.0618669222431685        1.0683057025369220        1.0713128005853652        1.0804262718376163        1.0882541577989184        1.1676472524919945        1.2473302806732571        1.2965447532419894        1.1393757703878276E-002   1.4770041254293848E-002   1.6164450689436220E-002
   34.099670698283298        1.0553557437269827        1.0726691403120427        1.0800595126196300        1.0841723251274851        1.0948188691374139        1.1038323663707350        1.1994197992933067        1.2943300889462395        1.3524859802005620        1.5875596132952346E-002   2.0472057786169461E-002   2.2328423833009901E-002
   35.054758310609635        1.0635202234904988        1.0830602842075372        1.0912371036700450        1.0967777438659916        1.1086187578029050        1.1186096046556175        1.2300655473860200        1.3394827789538577        1.4058602570547292        2.0988746411345571E-002   2.6865060618874413E-002   2.9153186413223627E-002
   36.064598842746946        1.0715261082915770        1.0930605771571658        1.1018392016388867        1.1091853784712080        1.1217835356398584        1.1325126249374702        1.2592338628807782        1.3821731749504544        1.4558491939070926        2.6714405115660467E-002   3.3881703609460162E-002   3.6534369634227737E-002
   37.068717198555007        1.0793692968680446        1.1028240305816945        1.1121696153441325        1.1213858979752884        1.1347187651075479        1.1461482417294688        1.2882620565093064        1.4246893865177044        1.5055615932854927        3.3011727940112499E-002   4.1559856746790927E-002   4.4591708328502642E-002
   38.067493666998402        1.0870585197347942        1.1123647619598040        1.1222457877431715        1.1333900253139919        1.1474367271251038        1.1595322875128986        1.3171588837491044        1.4670419593373456        1.5550141820646122        3.9851074157107251E-002   4.9858948739204968E-002   5.3280980568692821E-002
   39.061270780372674        1.0946017478750150        1.1216955646747626        1.1320834189317446        1.1452075590001034        1.1599486167640620        1.1726790631103032        1.3459322719309295        1.5092404517078042        1.6042222043747194        4.7205277257296660E-002   5.8742268727308936E-002   6.2562471552767215E-002
   40.050358235319450        1.1020062830202322        1.1308280745810260        1.1416966972915503        1.1568474828192414        1.1722646747410554        1.1856015380188758        1.3745894240089149        1.5512935584219913        1.6531995926911751        5.5049361269347230E-002   6.8176476180496631E-002   7.2400363355425434E-002
   41.035037028709667        1.1092788344883613        1.1397729106354855        1.1510984930159442        1.1683180591815105        1.1843942989852942        1.1983115183226207        1.4031369063101595        1.5932092153866988        1.7019591148335302        6.3360298087975025E-002   7.8131187603309477E-002   8.2762226000802575E-002
   42.015562955207045        1.1164255849600009        1.1485397943571420        1.1603005211885038        1.1796269090272722        1.1963461398654593        1.2108197883557608        1.4315807231764295        1.6349946885186606        1.7505125008480509        7.2116798720646080E-002   8.8578625873658917E-002   9.3618590173934799E-002
   42.992169582086042        1.1234522470887831        1.1571376518791423        1.1693134800340872        1.1907810805945385        1.2081281819207037        1.2231362309514828        1.4599263808058409        1.6766566497105173        1.7988705530009115        8.1299132778225411E-002   9.9493321022260522E-002  0.10494258622718805     
   43.965070793043559        1.1303641124678188        1.1655747015917308        1.1781471687818408        1.2017871088998215        1.2197478143716483        1.2352699300949070        1.4881789421379277        1.7182012420920147        1.8470432415191982        9.0888971631848142E-002  0.11085185354728186       0.11670963741429090     
   44.934462974390996        1.1371660941832384        1.1738585297833037        1.1868105886754194        1.2126510674296622        1.2312118922459847        1.2472292590216461        1.5163430742655206        1.7596341363730277        1.8950397882472325       0.10086925151631138       0.12263263312165953       0.12889719778310904     
   45.900526902755914        1.1438627639573582        1.1819961562259276        1.1953120299667670        1.2233786132617626        1.2425267896080694        1.2590219562024823        1.5444230895755899        1.8009605797130950        1.9428687400095452       0.11122405353693030       0.13481570692347306       0.14148452708100359     
   46.863429382260826        1.1504583847032230        1.1899940912896851        1.2036591471850211        1.2339750266145588        1.2536984461096463        1.2706551911864432        1.5724229815996207        1.8421854382935656        1.9905380331686380       0.12193849807451151       0.14738259289729516       0.15445249651888004     
   47.823324670337719        1.1569569391682040        1.1978583858836704        1.2118590245441732        1.2444452456487194        1.2647324078625448        1.2821356219067723        1.6003464563783079        1.8833132345558716        2.0380550506198691       0.13299865151347776       0.16031613410653400       0.16778342040751043     
   48.780355724339110        1.1633621552287163        1.2055946752930820        1.2199182330144729        1.2547938972033856        1.2756338634611579        1.2934694447632735        1.6281969600048940        1.9243481798999844        2.0854266722654566       0.14439144356498723       0.17360037101540446       0.18146090959996991     
   49.734655295507032        1.1696775283047465        1.2132082177985786        1.2278428803127439        1.2650253240364118        1.2864076758431622        1.3046624385626056        1.6559777028985421        1.9652942035011292        2.1326593198454153       0.15610459373812940       0.18722042908324052       0.19546974340455403     
   50.686346892354123        1.1759063412870021        1.2207039288160946        1.2356386548503924        1.2751436090455981        1.2970584105640224        1.3157200032121108        1.6836916812677363        2.0061549777930261        2.1797589968680571       0.16812654574171698       0.20116241949282482       0.20979575721633531     
   51.635545631861156        1.1820516823074945        1.2280864111750946        1.2433108645032700        1.2851525968725455        1.3075903609687995        1.3266471939126547        1.7113416961493511        2.0469339410767260        2.2267313242708160       0.18044640878742535       0.21541335119066948       0.22442574358498252     
   52.582358993922249        1.1881164606334076        1.2353599820550747        1.2508644709258434        1.2950559132288386        1.3180075706693519        1.3374487514740907        1.7389303703481613        2.0876343176412373        2.2735815723492125       0.19305390492028771       0.22996105270795680       0.23934736481625482     
   53.526887492034724        1.1941034209220351        1.2425286970194789        1.2583041200164660        1.3048569822331464        1.3283138536728798        1.3481291292774882        1.7664601635515311        2.1282591357223071        2.3203146894141597       0.20593932163125758       0.24479410246943240       0.25454907551355477     
   54.469225271227899        1.2000151560396313        1.2495963715196667        1.2656341690456641        1.3145590420053985        1.3385128124563190        1.3586925173266360        1.7939333858526232        2.1688112435763220        2.3669353275727989       0.21909346911375749       0.25990176649430319       0.27002005371863785     
   55.409460642568291        1.2058541186179081        1.2565666001863751        1.2728587108811384        1.3241651587288450        1.3486078542382849        1.3691428637639911        1.8213522098811390        2.2092933239053290        2.4134478659733278       0.23250764161583870       0.27527394255623316       0.28575013951832162     
   56.347676562202309        1.2116226314975869        1.2634427741802381        1.2799815956784657        1.3336782393612925        1.3586022056646156        1.3794838941705836        1.8487186817122290        2.2497079068355519        2.4598564318086957       0.24617358241499104       0.29090111000528718       0.30172978015568780     
   57.283951061750322        1.2173228971874408        1.2702280968338797        1.2870064503519623        1.3431010431511636        1.3684989260927531        1.3897191289220845        1.8760347306980341        2.2900573816197065        2.5061649193306286       0.26008345200606187       0.30677428456788192       0.31794998082640269     
   58.218357635902947        1.2229570064513049        1.2769255977875071        1.2939366960969414        1.3524361920952417        1.3783009196372837        1.3998518988369277        1.9033021783525719        2.3303440072198098        2.5523770071046887       0.27422979914722817       0.32288497753684453       0.33440226046032379     
   58.978769165485282        1.2285386371726650        1.2834457010467131        1.3006227396248025        1.3617056178593672        1.3877325459032306        1.4095207525757973        1.9284406468561077        2.3671277906607213        2.5942827245389939       0.28863570771014468       0.33899728470304819       0.35070685030191617     
   59.815663237745426        1.2340667038280155        1.2898942143557290        1.3072321723174793        1.3709068682572785        1.3970870527502088        1.4191065786931749        1.9534936146047261        2.4037836243494302        2.6360191141486125       0.30328796500360278       0.35535366041956140       0.36724950024405878     
   60.651511919762058        1.2395423668318426        1.2962756425615509        1.3137712837565272        1.3800412344197097        1.4063737237702172        1.4286211388848566        1.9785174035379995        2.4404041028465731        2.6777000718311106       0.31817949787522143       0.37195309271125343       0.38403302784456517     
   61.486346974913090        1.2449669270831960        1.3025917794036701        1.3202420056852344        1.3891102683162939        1.4155941296674295        1.4380661412694717        2.0035128733745391        2.4769901918918267        2.7193272398706441       0.33330400705726576       0.38878849494576934       0.40105032550326558     
   62.320198711634930        1.2503416330599209        1.3088443418778259        1.3266461848410174        1.3981154611413737        1.4247497797529256        1.4474432245116253        2.0284808455063219        2.5135428167049767        2.7609021889748111       0.34865545224066302       0.40585309951959148       0.41829461159917763     
   63.153096072090875        1.2556676837314937        1.3150349747155945        1.3329855880560735        1.4070582466437327        1.4338421253026121        1.4567539617817435        2.0534221052789605        2.5500628642845053        2.8024264223491087       0.36422803760780431       0.42314043856365757       0.43575941033349436     
   63.985066714125175        1.2609462312664788        1.3211652545348285        1.3392619069732661        1.4159400042232868        1.4428725626804844        1.4659998644273926        2.0783374041029741        2.5865511855419898        2.8439013794874706       0.38001619838432593       0.44064432610530707       0.45343853313070986     
   64.816137087107762        1.2661783835520779        1.3272366936899531        1.3454767624119945        1.4247620618144792        1.4518424362470894        1.4751823853815045        2.1032274614110094        2.6230085972864297        2.8853284397021315       0.39601458832353947       0.45835884155545953       0.47132606145416994     
   65.646332502213014        1.2713652065415113        1.3332507438481533        1.3516317084151632        1.4335256985741764        1.4607530410710812        1.4843029223303383        2.1280929664744126        2.6594358840711996        2.9267089254138963       0.41221806804569761       0.47627831440357216       0.48941633090765641     
   66.475677197617145        1.2765077264434406        1.3392087993148778        1.3577282360051675        1.4422321473901352        1.4696056254600363        1.4933628206616980        2.1529345800912627        2.6958337999151456        2.9680441052220212       0.42862169416186041       0.49439731001498571       0.50770391650811642     
   67.304194399052960        1.2816069317662024        1.3451122001296740        1.3637677766738960        1.4508825972244472        1.4784013933250215        1.5023633762117563        2.1777529361564127        2.7322030699076789        3.0093351967705395       0.44522070911874700       0.51271061643578686       0.52618361902639577     
   68.131906376114870        1.2866637752286261        1.3509622349515689        1.3697517056295063        1.4594781953053717        1.4871415063924036        1.5113058378274200        2.2025486431241008        2.7685443917083736        3.0505833694281868       0.46201053170727185       0.53121323212011484       0.54485045230370555     
   68.958834494669915        1.2916791755477655        1.3567601437509518        1.3756813448200735        1.4680200491791238        1.4958270862745437        1.5201914097589104        2.2273222853710046        2.8048584369480420        3.0917897467946078       0.47898674818229320       0.54990035450260655       0.56369963146022162     
   69.784999265695362        1.2966540191132492        1.3625071203236965        1.3815579657526618        1.4765092286326957        1.5044592164105195        1.5290212538964361        2.2520744244684572        2.8411458525400310        3.1329554090472271       0.49614510394638928       0.56876736934669114       0.58272656192103311     
   70.610420390833085        1.3015891615568902        1.3682043146415628        1.3873827921243644        1.4849467674974504        1.5130389438866827        1.5377964918631797        2.2768056003708153        2.8774072619083144        3.1740813951402918       0.51348149575446822       0.58780984080573473       0.60192682919162455     
   71.435116804924093        1.3064854292254751        1.3738528350516981        1.3931570022803714        1.4933336653424714        1.5215672811460907        1.5465182069758183        2.3015163325266150        2.9136432661387794        3.2151687048671396       0.53099196439995644       0.60702350214005119       0.62129618932168529     
   72.259106715761249        1.3113436205639510        1.3794537503368731        1.3988817315127133        1.5016708890658408        1.5300452075950399        1.5551874460827364        2.3262071209185047        2.9498544450594926        3.2562183007957053       0.54867268784674683       0.62640424703805975       0.64083056000181859     
   73.082407641277712        1.3161645074155983        1.3850080916470568        1.4045580742120787        1.5099593743913100        1.5384736711142184        1.5638052212891973        2.3508784470374073        2.9860413582552225        3.2972311100864755       0.56651997477419658       0.64594812149459779       0.66052601224289853     
   73.905036444367781        1.3209488362452124        1.3905168543119846        1.4101870858839864        1.5182000272771947        1.5468535894813535        1.5723725115779110        2.3755307747958949        3.0222045460210483        3.3382080262013210       0.58453025850527829       0.66565131620364815       0.68037876259246333     
   74.727009365519848        1.3256973292907901        1.3959809995435200        1.4157697850395623        1.5263937252437114        1.5551858517116164        1.5808902643326705        2.4001645513852163        3.0583445302593284        3.3791499105107921       0.60270009129042534       0.68551015942644344       0.70038516584657373     
   75.548342053425898        1.3304106856488112        1.4014014560359118        1.4213071549703371        1.5345413186245573        1.5634713193216290        1.5893593967721649        2.4247802080803464        3.0944618153244021        3.4200575938073721       0.62102613892214531       0.70552111029961562       0.72054170821957519     
   76.369049593716596        1.3350895822976956        1.4067791214712513        1.4268001454155528        1.5426436317478927        1.5717108275222658        1.5977807973003100        2.4493781609965466        3.1305568888182669        3.4609318777307023       0.63950517565714271       0.72568075255067876       0.74084500093707262     
   77.189146535959324        1.3397346750637289        1.4121148639369279        1.4322496741298461        1.5507014640516241        1.5799051863451885        1.6061553267790647        2.4739588118011260        3.1666302223409661        3.5017735361111733       0.65813407942494928       0.74598578859135545       0.76129177422088401     
   78.008646919044040        1.3443465995333563        1.4174095232612558        1.4376566283584469        1.5587155911374073        1.5880551817075619        1.6144838197291185        2.4985225483834967        3.2026822721986701        3.5425833162372773       0.67690982730353944       0.76643303396150797       0.78187887163718539     
   78.827564295072079        1.3489259719154449        1.4226639122729579        1.4430218662264551        1.5666867657674548        1.5961615764190702        1.6227670854634120        2.5230697454864499        3.2387134800723296        3.5833619400518435       0.69582949124401428       0.78701941209877735       0.80260324478158096     
   79.645911751853149        1.3534733898568381        1.4278788179897284        1.4483462180482121        1.5746157188079257        1.6042251111350385        1.6310059091580653        2.5476007653013468        3.2747242736495665        3.6241101052818885       0.71489023402784346       0.80774194941108612       0.82346194827703412     
   80.463701934107377        1.3579894332142577        1.4330550027406861        1.4536304875622974        1.5825031601223751        1.6122465052591615        1.6392010528649126        2.5721159580296802        3.3107150672222119        3.6648284865064240       0.73408930544142292       0.82859777063101081       0.84445213506258598     
   81.280947063461142        1.3624746647853849        1.4381932052271362        1.4588754530972294        1.5903497794184682        1.6202264577990735        1.6473532564695079        2.5966156624132770        3.3466862622517515        3.7055177361662550       0.75342403865387397       0.84958409443272209       0.86557105195259798     
   82.097658957318771        1.3669296310017303        1.4432941415257312        1.4640818686725521        1.5981562470509396        1.6281656481777629        1.6554632385981869        2.6211002062352451        3.3826382479047514        3.7461784855194962       0.77289184678508149       0.87069822929373097       0.88681603544789978     
   82.913849046685456        1.3713548625857077        1.4483585060377908        1.4692504650396123        1.6059232147835385        1.6360647370035901        1.6635316974774603        2.6455699067935856        3.4185714015601834        3.7868113455462593       0.79249021965192534       0.89193756958506154       0.90818450778170423     
   83.729528393011293        1.3757508751741538        1.4533869723882635        1.4743819506660103        1.6136513165125101        1.6439243668014849        1.6715593117488046        2.6700250713492570        3.4544860892904157        3.8274169078057083       0.81221672068156425       0.91329959187475718       0.92967397318451295     
   84.544707704119887        1.3801181699103651        1.4583801942775472        1.4794770126673864        1.6213411689539734        1.6517451627076996        1.6795467412416516        2.6944659975503371        3.4903826663175312        3.8679957452484488       0.83206898398143314       0.93478185143077319       0.95128201435346404     
   85.359397349281650        1.3844572340065746        1.4633388062891441        1.4845363176899402        1.6289933722973819        1.6595277331303229        1.6874946277071929        2.7188929738338086        3.5262614774464764        3.9085484129870052       0.85204471155637140       0.95638197891037846       0.97300628911270060     
   86.173607373486306        1.3887685412786630        1.4682634246559161        1.4895605127468219        1.6366085108271153        1.6672726703776215        1.6954035955154250        2.7433062798064052        3.5621228574765063        3.9490754490269948       0.87214167066399129       0.97809767722416352       0.99484452725237649     
   86.987347510965705        1.3930525526547386        1.4731546479874711        1.4945502260112746        1.6441871535140500        1.6749805512560698        1.7032742523176287        2.7677061866056976        3.5979671315920450        3.9895773749611525       0.89235769129992126       0.99992671856352000        1.0167945275347303     
   87.800627198013146        1.3973097166591821        1.4780130579611133        1.4995060675692804        1.6517298545789616        1.6826519376399394        1.7111071896764736        2.7920929572429296        3.6337946157346330        4.0300546966289348       0.91269066380546127        1.0218669415816299        1.0388541548568835     
   88.613455585144251        1.4015404698735308        1.4828392199784857        1.5044286301341263        1.6592371540292787        1.6902873770139786        1.7189029836655418        2.8164668469283547        3.6696056169565088        4.0705079047431010       0.93313853659018109        1.0439162487181430        1.0610213375601918     
   89.425841548638488        1.4057452373755808        1.4876336837900088        1.5093184897252643        1.6667095781708030        1.6978874029908126        1.7266621954401762        2.8408281033803884        3.7054004337573239        4.1109374754856853       0.95369931396301433        1.0660726036589954        1.0832940648772953     
   90.237793701499839        1.4099244331579452        1.4923969840889983        1.5141762063135966        1.6741476400957811        1.7054525358044621        1.7343853717812798        2.8651769671194476        3.7411793564047873        4.1513438710749462       0.97437105406553892        1.0883340289230992        1.1056703845083207     
   91.049320403871306        1.4140784605272303        1.4971296410772432        1.5190023244351876        1.6815518401486682        1.7129832827813281        1.7420730456136382        2.8895136717474030        3.7769426672402124        4.1917275403050080       0.99515186690165280        1.1106986035683184        1.1281484003184008     
   91.860429772935561        1.4182077124849162        1.5018321610036944        1.5237973737752699        1.6889226663708219        1.7204801387898985        1.7497257365002195        2.9138384442134804        3.8126906409698020        4.2320889190597528        1.0160399124582309        1.1331644610096667        1.1507262701492256     
   92.671129692332485        1.4223125720909613        1.5065050366778041        1.5285618697242709        1.6962605949252829        1.7279435866703394        1.7573439511137998        2.9381515050673972        3.8484235449424697        4.2724284308023952        1.0370333989116927        1.1557297869431387        1.1734022037378373     
   93.481427821121230        1.4263934128110760        1.5111487479589603        1.5332963139074807        1.7035660905027337        1.7353740976450729        1.7649281836871920        2.9624530687004773        3.8841416394149779        4.3127464870421557        1.0581305809157531        1.1783928173690463        1.1961744607363598     
   94.291331602313633        1.4304505988485550        1.5157637622233495        1.5380011946898677        1.7108396067096450        1.7427721317113607        1.7724789164432531        2.9867433435754087        3.9198451778050383        4.3530434877792388        1.0793297579659202        1.2011518367091372        1.2190413488267806     
   95.100848271003144        1.4344844854615031        1.5203505348095148        1.5426769876574469        1.7180815864395660        1.7501381380168577        1.7799966200057780        3.0110225324453124        3.9555344069330882        4.3933198219293663        1.1006292728366049        1.2240051760121657        1.2420012219253111     
   95.909984862112381        1.4384954192662274        1.5249095094437701        1.5473241560765132        1.7252924622284447        1.7574725552190318        1.7874817537923184        3.0352908325626826        3.9912095672533061        4.4335758677289467        1.1220275100869412        1.2469512112429213        1.2650524784711996     
   96.718748217780316        1.4424837385275329        1.5294411186465791        1.5519431513319708        1.7324726565948190        1.7647758118292951        1.7949347663898905        3.0595484358787903        4.0268708930744728        4.4738119931219469        1.1435228946316904        1.2699883616500687        1.2881935597952370     
   97.527144994409952        1.4464497734366029        1.5339457841209192        1.5565344133459043        1.7396225823656593        1.7720483265426381        1.8023560959144829        3.0837955292340538        4.0625186127712034        4.5140285561294347        1.1651138903738016        1.2931150882084381        1.3114229485634870     
   98.335181669394032        1.4503938463771071        1.5384239171235996        1.5610983709774648        1.7467426429886026        1.7792905085535122        1.8097461703552169        3.1080322945398651        4.0981529489860433        4.5542259052027143        1.1867989988954233        1.3163298921316890        1.3347391672920710     
   99.142864547537343        1.4543162721801455        1.5428759188204322        1.5656354424050818        1.7538332328312674        1.7865027578586550        1.8171054079039555        3.1322589089523452        4.1337741188229424        4.5944043795609364        1.2085767582043641        1.3396313134515461        1.3581407769291232     
   99.950199767191563        1.4582173583685938        1.5473021806261096        1.5701460354919421        1.7608947374683077        1.7936854655475265        1.8244342172711179        3.1564755450384618        4.1693823340325329        4.6345643095140021        1.2304457415331767        1.3630179296600342        1.3816263755002673     
   100.75719330611776        1.4620974053913696        1.5517030845295581        1.5746305481355991        1.7679275339567828        1.8008390140809336        1.8317329979883670        3.1806823709347913        4.2049778011894610        4.6747060167713110        1.2524045561880888        1.3864883544112419        1.4051945968140729     
   101.56385098709150        1.4659567068481680        1.5560790034055769        1.5790893686026051        1.7749319911005101        1.8079637775585227        1.8390021406989288        3.2048795504996423        4.2405607218626891        4.7148298147376710        1.2744518424455862        1.4100412362798023        1.4288441092246247     
   102.37017848326401        1.4697955497050752        1.5604303013133836        1.5835228758488569        1.7819084697038188        1.8150601219755562        1.8462420274360323        3.2290672434584247        4.2761312927783921        4.7549360087962036        1.2965862724938724        1.4336752575726883        1.4525736144477437     
   103.17618132329169        1.4736142145015534        1.5647573337827818        1.5879314398264561        1.7888573228153128        1.8221284054695901        1.8534530318901594        3.2532456055429719        4.3116897059764030        4.7950248965795517        1.3188065494173054        1.4573891331918987        1.4763818464283864     
   103.98186489624615        1.4774129755492014        1.5690604480885577        1.5923154217777413        1.7957788959620851        1.8291689785575012        1.8606355196656168        3.2774147886249612        4.3472361489602411        4.8350967682296764        1.3411114062215712        1.4811816095452712        1.5002675702564201     
   104.78723445631657        1.4811921011226834        1.5733399835136843        1.5966751745171459        1.8026735273748442        1.8361821843633239        1.8677898485269491        3.3015749408437665        4.3827708048411189        4.8751519066468783        1.3634996048976715        1.5050514635030292        1.5242295811283331     
   105.59229512731361        1.4849518536432076        1.5775962716018903        1.6010110427014888        1.8095415482043857        1.8431683588373406        1.8749163686356944        3.3257262067290312        4.4182938524762250        4.9151905877285946        1.3859699355228403        1.5289975013977326        1.5482667033525228     
   106.39705190698636        1.4886924898549003        1.5818296364001108        1.6053233630892736        1.8163832827298101        1.8501278309668236        1.8820154227779351        3.3498687273181953        4.4538054666015059        4.9552130805984209        1.4085212153966404        1.5530185580654718        1.5723777893959650     
   107.20150967116044        1.4924142609944153        1.5860403946913100        1.6096124647895336        1.8231990485588754        1.8570609229788266        1.8890873465830846        3.3740026402692584        4.4893058179592771        4.9952196478258930        1.4311522882105843        1.5771134959262691        1.5965617189701997     
   108.00567317770681        1.4961174129540853        1.5902288562181350        1.6138786695007330        1.8299891568208397        1.8639679505353834        1.8961324687343217        3.3981280799689761        4.5247950734208402        5.0352105456374012        1.4538620232497026        1.6012812041017515        1.6208173981546763     
   108.80954707034921        1.4998021864389228        1.5943953238978417        1.6181222917402041        1.8367539123521450        1.8708492229214653        1.9031511111710613        3.4222451776367442        4.5602733961044004        5.0751860241187421        1.4766493146245834        1.6255205975682872        1.6451437585556237     
   109.61313588231837        1.5034688171177435        1.5985400940288996        1.6223436390645722        1.8434936138752589        1.8777050432260212        1.9101435892838270        3.4463540614243517        4.5957409454884557        5.1151463274096320        1.4995130805324810        1.6498306163438741        1.6695397564987142     
   110.41644403986011        1.5071175357686830        1.6026634564896662        1.6265430122815980        1.8502085541709841        1.8845357085164129        1.9171102121018755        3.4704548565118003        4.6311978775208820        5.1550916938905935        1.5224522625461634        1.6742102247071606        1.6940043722538882     
   111.21947586560417        1.5107485684193596        1.6067656949295015        1.6307207056538411        1.8568990202445319        1.8913415100065412        1.9240512824739056        3.4945476851994126        4.6666443447239390        5.1950223563625917        1.5454658249292437        1.6986584104470743        1.7185366092907921     
   112.02223558180127        1.5143621364819180        1.6108470869526634        1.6348770070945224        1.8635652934856217        1.8981227332189314        1.9309670972421511        3.5186326669963321        4.7020804962953129        5.2349385422196884        1.5685527539768103        1.7231741841416219        1.7431354935633845     
   112.82472731343320        1.5179584568831868        1.6149079042953232        1.6390121983559531        1.8702076498228848        1.9048796581410599        1.9378579474101691        3.5427099187056625        4.7375064782054626        5.2748404736151233        1.5917120573802270        1.7477565784644955        1.7678000728223315     
   113.62695509120338        1.5215377421901581        1.6189484129960012        1.6431265552108634        1.8768263598728059        1.9116125593761526        1.9447241183045894        3.5667795545063390        4.7729224332913534        5.3147283676210382        1.6149427636150278        1.7724046475181912        1.7925294159538843     
   114.42892285441172        1.5251002007309962        1.6229688735597276        1.6472203476269620        1.8834216890834428        1.9183217062887046        1.9515658897310921        3.5908416860319061        4.8083285013467831        5.3546024363821889        1.6382439213509037        1.7971174661924310        1.8173226123440243     
   115.23063445372091        1.5286460367117720        1.6269695411162057        1.6512938399350299        1.8899938978731605        1.9250073631449554        1.9583835361248847        3.6148964224463769        4.8437248192094851        5.3944628872639369        1.6616145988828435        1.8218941295467610        1.8421787712667361     
   116.03209365381778        1.5321754503290848        1.6309506655722195        1.6553472909908158        1.8965432417645380        1.9316697892484793        1.9651773266958519        3.6389438705171293        4.8791115208449041        5.4343099229945109        1.6850538835823530        1.8467337522160558        1.8670970212951337     
   116.83330413597497        1.5356886378787997        1.6349124917586026        1.6593809543310731        1.9030699715137622        1.9383092390712156        1.9719475255687318        3.6629841346853693        4.9144887374273658        5.4741437418024566        1.7085608813682902        1.8716354678383342        1.8920765097348375     
   117.63426950051722        1.5391857918609921        1.6388552595719166        1.6633950783239073        1.9095743332355588        1.9449259623799771        1.9786943919183775        3.6870173171337530        4.9498565974180071        5.5139645375486062        1.7321347161959588        1.8965984285033233        1.9171164020780345     
   118.43499326919667        1.5426671010813162        1.6427792041111358        1.6673899063137527        1.9160565685239470        1.9515202043587396        1.9854181801004231        3.7110435178516843        4.9852152266401477        5.5537724998534701        1.7557745295640799        1.9216218042212776        1.9422158814777206     
   119.23547888748135        1.5461327507489160        1.6466845558095196        1.6713656767611786        1.9225169145689449        1.9580922057268304        1.9921191397774960        3.7350628346982098        5.0205647483519895        5.5935678142199574        1.7794794800387357        1.9467047824109986        1.9673741482410716     
   120.03572972676008        1.5495829225710365        1.6505715405618888        1.6753226233777592        1.9289556042694058        1.9646422028532051        1.9987975160411784        3.7590753634626823        5.0559052833168270        5.6333506621517238        1.8032487427936097        1.9718465674062460        1.9925904193411255     
   120.83574908646817        1.5530177948444603        1.6544403798474958        1.6792609752562122        1.9353728663421366        1.9711704278669600        2.0054535495298866        3.7830811979232535        5.0912369498708276        5.6731212212672926        1.8270815091658439        1.9970463799797433        2.0178639279459785     
   121.63554019613665        1.5564375425439039        1.6582912908486711        1.6831809569960117        1.9417689254274442        1.9776771087642320        2.0120874765428289        3.8070804299032930        5.1265598639884971        5.7128796654101164        1.8509769862268799        2.0223034568840315        2.0431939229647473     
   122.43510621736851        1.5598423374074952        1.6621244865654263        1.6870827888246596        1.9481440021912622        1.9841624695116384        2.0186995291502190        3.8310731493258467        5.1618741393459384        5.7526261647547985        1.8749343963676690        2.0476170504084434        2.0685796686095634     
   123.23445024574599        1.5632323480194481        1.6659401759261769        1.6909666867148034        1.9544983134239848        1.9906267301463827        2.0252899352998726        3.8550594442661859        5.1971798873819877        5.7923608859096039        1.8989529768976787        2.0729864279515313        2.0940204439729371     
   124.03357531267000        1.5666077398900493        1.6697385638947462        1.6948328624973708        1.9608320721361414        1.9970701068731653        2.0318589189203542        3.8790394010025482        5.2324772173572978        5.8320839920154048        1.9230319796571322        2.0984108716082899        2.1195155426198267     
   124.83248438713593        1.5699686755330560        1.6735198515737959        1.6986815239708792        1.9671454876510319        2.0034928121580187        2.0384067000207926        3.9030131040651277        5.2677662364114726        5.8717956428412377        1.9471706706419614        2.1238896777715590        2.1450642721938005     
   125.63118037744843        1.5733153145406151        1.6772842363048375        1.7025128750070855        1.9734387656944434        2.0098950548191867        2.0449334947875051        3.9269806362834041        5.3030470496183115        5.9114959948765771        1.9713683296409674        2.1494221567470255        2.1706659540367061     
   126.42966613287672        1.5766478136557938        1.6810319117649504        1.7063271156531188        1.9797121084815630        2.0162770401151664        2.0514395156775573        3.9509420788318663        5.3383197600392602        5.9511852014204898        1.9956242498847132        2.1750076323812655        2.1963199228212948     
   127.22794444525424        1.5799663268428159        1.6847630680603451        1.7101244422302380        1.9859657148011840        2.0226389698300151        2.0579249715093706        3.9748975112742015        5.3735844687751211        5.9908634126677791        2.0199377377056869        2.2006454417022940        2.2220255261962585     
   128.02601805052333        1.5832710053550931        1.6884778918168937        1.7139050474293509        1.9921997800973184        2.0289810423560253        2.0643900675504923        3.9988470116060069        5.4088412750160932        6.0305307757922435        2.0443081122093001        2.2263349345721180        2.2477821244431846     
   128.82388963022902        1.5865619978011327        1.6921765662677457        1.7176691204034231        1.9984144965483086        2.0353034527738751        2.0708350056026448        4.0227906562960847        5.4440902760902068        6.0701874350271554        2.0687347049553035        2.2520754733507991        2.2735890901449300     
   129.62156181296186        1.5898394502084066        1.6958592713381453        1.7214168468568987        2.0046100531435340        2.0416063929303370        2.0772599840841455        4.0467285203263872        5.4793315675102381        6.1098335317431021        2.0932168596492331        2.2778664325716012        2.2994458078649931     
   130.41903717575377        1.5931035060852496        1.6995261837275530        1.7251484091322467        2.0107866357577961        2.0478900515136442        2.0836651981098036        4.0706606772306433        5.5145652430191117        6.1494692045232480        2.1177539318434833        2.3037071986267321        2.3253516738373894     
   131.21631824542803        1.5963543064808778        1.7031774769891888        1.7288639862937587        2.0169444272234824        2.0541546141266052        2.0900508395683959        4.0945871991317668        5.5497913946339459        6.1890945892361993        2.1423452886476992        2.3295971694633471        2.3513060956667045     
   132.01340749990396        1.5995919900435571        1.7068133216070549        1.7325637542086632        2.0230836074005429        2.0604002633574998        2.0964170971977603        4.1185081567779047        5.5850101126884795        6.2287098191062444        2.1669903084479429        2.3555357542891775        2.3773084920376846     
   132.81030736946096        1.6028166930770640        1.7104338850706162        1.7362478856257388        2.0292043532444661        2.0666271788489605        2.1027641566577149        4.1424236195776336        5.6202214858746578        6.2683150247818640        2.1916883806347638        2.3815223732879263        2.4033582924345112     
   133.60702023796009        1.6060285495954143        1.7140393319471252        1.7399165502514287        2.0353068388721907        2.0728355373647522        2.1090922006007342        4.1663336556337427        5.6554256012824791        6.3079103344015239        2.2164389053392437        2.4075564573433921        2.4294549368687166     
   134.40354844402796        1.6092276913759798        1.7176298239517496        1.7435699148236088        2.0413912356261181        2.0790255128546384        2.1154014087405599        4.1902383317760723        5.6906225444388276        6.3474958736576106        2.2412412931771741        2.4336374477724743        2.4555978756159016     
   135.19989428220157        1.6124142480110351        1.7212055200155616        1.7472081431830875        2.0474577121362696        2.0851972765173632        2.1216919579187983        4.2141377135933258        5.7258123993451164        6.3870717658583391        2.2660949650008821        2.4597647960665263        2.4817865689607177     
   135.99606000403833        1.6155883469577890        1.7247665763514668        1.7508313963429114        2.0535064343806493        2.0913509968618200        2.1279640221695675        4.2380318654638565        5.7609952485137645        6.4266381319876720        2.2909993516584768        2.4859379636407892        2.5080204869498481     
   136.79204781918975        1.6187501135869566        1.7283131465181500        1.7544398325555659        2.0595375657438773        2.0974868397664688        2.1342177727822746        4.2619208505855264        5.7961711730036045        6.4661950907634083        2.3159538937602200        2.5121564215915697        2.5342991091526592     
   137.58785989644292        1.6218996712299218        1.7318453814821111        1.7580336073781455        2.0655512670741580        2.1036049685370650        2.1404533783625803        4.2858047310046175        5.8313402524542042        6.5057427586934278        2.3409580414517999        2.5384196504609191        2.5606219244292681     
   138.38349836472869        1.6250371412245443        1.7353634296778615        1.7616128737355699        2.0715476967386381        2.1097055439627592        2.1466710048916204        4.3096835676438854        5.8665025651192071        6.5452812501302500        2.3660112541942278        2.5647271400084843        2.5869884307057132     
   139.17896531409946        1.6281626429596521        1.7388674370663391        1.7651777819819146        2.0775270106772070        2.1157887243706233        2.1528708157835443        4.3335574203297327        5.9016581878986489        6.5848106773238664        2.3911130005501571        2.5910783889903151        2.6133981347559994     
   139.97426279667638        1.6312762939182712        1.7423575471916180        1.7687284799599254        2.0834893624547988        2.1218546656786526        2.1590529719414278        4.3574263478185795        5.9368071963703741        6.6243311504730142        2.4162627579763711        2.6174729049443375        2.6398505519907434     
   140.76939282756851        1.6343782097196322        1.7458339012359632        1.7722651130587823        2.0894349033122466        2.1279035214473092        2.1652176318116183        4.3812904078224344        5.9719496648205057        6.6638427777748701        2.4414600126222452        2.6439102039822728        2.6663452062521853     
   141.56435738576323        1.6374685041599972        1.7492966380732917        1.7757878242701735        2.0953637822157307        2.1339354429296344        2.1713649514365621        4.4051496570336983        6.0070856662730430        6.7033456654732539        2.4667042591339641        2.6703898105877544        2.6928816296153308     
   142.35915841499056        1.6405472892523478        1.7527458943211001        1.7792967542427420        2.1012761459048783        2.1399505791200002        2.1774950845061691        4.4290041511492406        6.0422152725186162        6.7428399179053926        2.4919950004642981        2.6969112574204335        2.7194593621950158     
   143.15379782456168        1.6436146752649701        1.7561818043909025        1.7827920413349583        2.1071721389395477        2.1459490768015304        2.1836081824077644        4.4528539448937492        6.0773385541424068        6.7823256375472845        2.5173317476877508        2.7234740851258508        2.7460779519586622     
   143.94827749018188        1.6466707707589778        1.7596045005372420        1.7862738216664789        2.1130519037453577        2.1519310805922416        2.1897043942746732        4.4766990920424190        6.1124555805512912        6.8218029250577494        2.5427140198208984        2.7500778421508727        2.7727369545445399     
   144.74259925474021        1.6497156826248069        1.7630141129053145        1.7897422291680378        2.1189155806579834        2.1578967329899492        2.1957838670334850        4.5005396454429540        6.1475664200002029        6.8612718793211460        2.5681413436477287        2.7767220845644953        2.7994359330853245     
   145.53676492907562        1.6527495161177130        1.7664107695772584        1.7931973956299272        2.1247633079662740        2.1638461744159647        2.2018467454500361        4.5243756570369476        6.1826711396177583        6.9007325974888740        2.5936132535498397        2.8034063758838350        2.8261744580367827     
   146.33077629272088        1.6557723748923163        1.7697945966171582        1.7966394507491159        2.1305952219542355        2.1697795432576563        2.2078931721741766        4.5482071778806743        6.2177698054312271        6.9401851750197041        2.6191292913413347        2.8301302869051428        2.8529521070114190     
   147.12463509462478        1.6587843610361923        1.7731657181147771        1.8000685221750250        2.1364114569418597        2.1756969759098341        2.2139232877832877        4.5720342581651208        6.2528624823905439        6.9796297057186667        2.6446890061080888        2.8568933955394815        2.8797684646167205     
   147.91834305385362        1.6617855751026072        1.7765242562281325        1.8034847355540820        2.1422121453249696        2.1815986068151387        2.2199372308247405        4.5958569472357826        6.2879492343921832        7.0190662817754186        2.6702919540517214        2.8836952866534125        2.9066231222983561     
   148.71190186027269        1.6647761161423387        1.7798703312248576        1.8068882145729888        2.1479974176139396        2.1874845685032964        2.2259351378571415        4.6196752936115573        6.3230301243018436        7.0584949938008883        2.6959376983374659        2.9105355519138323        2.9335156781874665     
   149.50531317520796        1.6677560817346808        1.7832040615224634        1.8102790810008318        2.1537674024714564        2.1933549916293948        2.2319171434905485        4.6434893450032897        6.3581052139768071        7.0979159308632331        2.7216258089463006        2.9374137896373362        2.9604457369524231     
   150.29857863208977        1.6707255680176216        1.7865255637275006        1.8136574547300299        2.1595222267492962        2.1992100050111660        2.2378833804256226        4.6672991483317388        6.3931745642875875        7.1373291805226495        2.7473558625310042        2.9643296046437397        2.9874129096546893     
   151.09169983707741        1.6736846697172398        1.7898349526736750        1.8170234538161751        2.1652620155241622        2.2050497356653200        2.2438339794917708        4.6911047497450795        6.4282382351390579        7.1767348288652899        2.7731274422760501        2.9912826081136803        3.0144168136087108     
   151.88467836966706        1.6766334801763343        1.7931323414589400        1.8203771945167986        2.1709868921326074        2.2108743088429463        2.2497690696843073        4.7149061946358843        6.4632962854909630        7.2161329605361653        2.7989401377612091        3.0182724174501265        3.0414570722456555     
   152.67751578328227        1.6795720913823105        1.7964178414816019        1.8237187913290904        2.1766969782050745        2.2166838480640245        2.2556887782006600        4.7387035276576635        6.4983487733779022        7.2555236587711534        2.8247935448287333        3.0452986561436903        3.0685333149809098     
   153.47021360584864        1.6825005939943569        1.7996915624754735        1.8270483570266201        2.1823923936990788        2.2224784751510676        2.2615932304756612        4.7624967927409445        6.5333957559287930        7.2949070054281471        2.8506872654540358        3.0723609536416134        3.0956451770851938     
   154.26277334035186        1.6854190773699214        1.8029536125441012        1.8303660026950772        2.1880732569315584        2.2282583102619191        2.2674825502159401        4.7862860331089090        6.5684372893858027        7.3342830810173165        2.8766209076197207        3.0994589452202934        3.1227922995591726     
   155.05519646538124        1.6883276295905183        1.8062040981940999        1.8336718377670749        2.1937396846104238        2.2340234719217396        2.2733568594334574        4.8100712912926138        6.6034734291227943        7.3736519647305654        2.9025940851928849        3.1265922718612567        3.1499743290114592     
   155.84748443565840        1.6912263374868810        1.8094431243676186        1.8369659700560352        2.1993917918653212        2.2397740770541983        2.2792162784781915        4.8338526091457990        6.6385042296632859        7.4130137344701588        2.9286064178055748        3.1537605801304407        3.1771909175398880     
   156.63963868255092        1.6941152866634845        1.8126707944739704        1.8402485057891946        2.2050296922776425        2.2455102410119001        2.2850609260700225        4.8576300278592983        6.6735297446979551        7.4523684668766270        2.9546575307383045        3.1809635220606998        3.2044417226159574     
   157.43166061457288        1.6969945615224562        1.8158872104204484        1.8435195496397547        2.2106534979098025        2.2512320776060712        2.2908909193298244        4.8814035879750826        6.7085500271016860        7.4917162373558774        2.9807470548065522        3.2082007550374296        3.2317264069723532     
   158.22355161787206        1.6998642452868873        1.8190924726423521        1.8467792047581995        2.2162633193337959        2.2569396991355131        2.2967063738097888        4.9051733293998971        6.7435651289501664        7.5310571201055847        3.0068746262501129        3.2354719416871855        3.2590446384934193     
   159.01531305670352        1.7027244200235747        1.8222866801322544        1.8500275728028139        2.2218592656590728        2.2626332164148679        2.3025074035230140        4.9289392914185735        6.7785751015360800        7.5703911881409054        3.0330398866252559        3.2627767497692401        3.2863960901085236     
   159.80694627389110        1.7055751666651997        1.8254699304685265        1.8532647539694243        2.2274414445597364        2.2683127388021975        2.3082941209723691        4.9527015127069740        6.8135799953848739        7.6097185133194758        3.0592424826995748        3.2901148520699470        3.3137804396881929     
   160.59845259127687        1.7084165650319652        1.8286423198431470        1.8564908470203827        2.2330099623010922        2.2739783742259037        2.3140666371786662        4.9764600313446152        6.8485798602701502        7.6490391663658048        3.0854820663494693        3.3174859262998568        3.3411973699429538     
   161.38983331015845        1.7112486938527089        1.8318039430888160        1.8597059493128230        2.2385649237655674        2.2796302292110098        2.3198250617081526        5.0002148848269412        6.8835747452286311        7.6883532168949626        3.1117582944601638        3.3448896549934837        3.3686465683247904     
   162.18108971171517        1.7140716307855066        1.8349548937053981        1.8629101568262099        2.2441064324780204        2.2852684089048263        2.3255695026993521        5.0239661100773443        6.9185646985748548        7.7276607334357843        3.1380708288282264        3.3723257254116641        3.3961277269311507     
   162.97222305742315        1.7168854524377608        1.8380952638856893        1.8661035641891803        2.2496345906304134        2.2908930171019724        2.3313000668892281        5.0477137434586661        6.9535497679151748        7.7669617834530795        3.1644193360663024        3.3997938294462262        3.4236405424112286     
   163.76323458945959        1.7196902343858513        1.8412251445405996        1.8692862647057680        2.2551494991059955        2.2965041562688966        2.3370168596388168        5.0714578207848016        6.9885300001620267        7.8062564333699980        3.1908034875105402        3.4272936635274620        3.4511847158750117     
   164.55412553109684        1.7224860511942737        1.8443446253236655        1.8724583503809262        2.2606512575028295        2.3021019275677355        2.3427199849581593        5.0951983773316076        7.0235054415472193        7.8455447485890666        3.2172229591298942        3.4548249285335411        3.4787599528042352     
   165.34489708708628        1.7252729764343491        1.8474537946550005        1.8756199119454597        2.2661399641568289        2.3076864308796781        2.3484095455307168        5.1189354478477727        7.0584761376352754        7.8848267935131657        3.2436774314378121        3.4823873297023953        3.5063659629657682     
   166.13555044403239        1.7280510827024840        1.8505527397446486        1.8787710388803305        2.2716157161642383        2.3132577648277608        2.3540856427371799        5.1426690665653023        7.0934421333362669        7.9241026315657237        3.2701665894059979        3.5099805765457601        3.5340024603271294     
   166.92608677075810        1.7308204416380066        1.8536415466153855        1.8819118194403843        2.2770786094036124        2.3188160267991584        2.3597483766787501        5.1663992672098127        7.1284034729184436        7.9633723252105693        3.2966901223802454        3.5376043827653501        3.5616691629740957     
   167.71650721865936        1.7335811239405867        1.8567203001249690        1.8850423406774997        2.2825287385572879        2.3243613129669627        2.3653978461998761        5.1901260830105409        7.1633602000205352        8.0026359359711936        3.3232477239982758        3.5652584661711169        3.5893657930303684     
   168.50681292205275        1.7363331993872471        1.8597890839878592        1.8881626884631779        2.2879661971323655        2.3298937183114563        2.3710341489104660        5.2138495467100832        7.1983123576636903        8.0418935244495202        3.3498390921095074        3.5929425486014877        3.6170920765791825     
   169.29700499851316        1.7390767368489894        1.8628479807964264        1.8912729475106016        2.2933910774812247        2.3354133366409244        2.3766573812076035        5.2375696905739471        7.2332599882632378        8.0811451503442964        3.3764639286967371        3.6206563558455871        3.6448477435868702     
   170.08708454920367        1.7418118043070319        1.8658970720416554        1.8943732013961589        2.2988034708215710        2.3409202606119832        2.3822676382967618        5.2612865463998180        7.2682031336400765        8.1203908724689260        3.4031219397996395        3.6483996175673266        3.6726325278282648     
   170.87705265919686        1.7445384688686791        1.8689364381333662        1.8974635325804667        2.3042034672560376        2.3464145817494626        2.3878650142125433        5.2850001455266282        7.3031418350318411        8.1596307487689117        3.4298128354400612        3.6761720672313398        3.7004461668139164     
   171.66691039778885        1.7472567967828334        1.8719661584199645        1.9005440224288968        2.3095911557913564        2.3518963904658485        2.3934496018389599        5.3087105188434176        7.3380761331038222        8.1988648363389149        3.4565363295490457        3.7039734420306987        3.7282884017190621     
   172.45665881880549        1.7499668534551467        1.8749863112077261        1.9036147512316168        2.3149666243570914        2.3573657760802851        2.3990214929292457        5.3324176967979264        7.3730060679595546        8.2380931914392725        3.4832921398955419        3.7318034828163640        3.7561589773143043     
   173.24629896090059        1.7526687034628443        1.8779969737796471        1.9066757982231748        2.3203299598239768        2.3628228268371734        2.4045807781252488        5.3561217094050582        7.4079316791512611        8.2773158695122735        3.5100799880167597        3.7596619340283146        3.7840576418979364     
   174.03583184784776        1.7553624105692047        1.8809982224138493        1.9097272416016187        2.3256812480218403        2.3682676299243508        2.4101275469763785        5.3798225862550826        7.4428530056899787        8.3165329251979099        3.5368995991501024        3.7875485436283025        3.8119841472298717     
   174.82525848882480        1.7580480377377234        1.8839901324015729        1.9127691585471835        2.3310205737571410        2.3737002714908808        2.4156618879581466        5.4035203565216623        7.4777700860554770        8.3557444123493170        3.5637507021666726        3.8154630630342137        3.8399382484671492     
   175.61457987869119        1.7607256471459600        1.8869727780647525        1.9158016252405439        2.3363480208301239        2.3791208366644532        2.4211838884902943        5.4272150489696864        7.5126829582059331        8.3949503840478155        3.5906330295062618        3.8434052470559514        3.8679197041009377     
   176.40379699825948        1.7633953001990821        1.8899462327732035        1.9188247168806556        2.3416636720516122        2.3845294095684157        2.4266936349545389        5.4509066919629428        7.5475916595874422        8.4341508926176374        3.6175463171138169        3.8713748538328216        3.8959282758950184     
   177.19291081455975        1.7660570575431092        1.8929105689614134        1.9218385077021893        2.3469676092594276        2.3899260733384322        2.4321912127119170        5.4745953134715712        7.5824962271432286        8.4733459896402490        3.6444903043773373        3.8993716447723861        3.9239637288257092     
   177.98192228109798        1.7687109790778723        1.8958658581449643        1.9248430709925717        2.3522599133344757        2.3953109101387966        2.4376767061197788        5.4982809410794076        7.6173966973227554        8.5125357259684247        3.6714647340671824        3.9273953844907519        3.9520258310232030     
   178.77083233810870        1.7713571239696710        1.8988121709365651        1.9278384791086256        2.3575406642164456        2.4006840011783601        2.4431501985483663        5.5219636019909668        7.6522931060903421        8.5517201517396710        3.6984693522765504        3.9554458407540434        3.9801143537140646     
   179.55964191280120        1.7739955506636975        1.9017495770617752        1.9308248034928825        2.3628099409192602        2.4060454267262035        2.4486117723971281        5.5456433230386342        7.6871854889341513        8.5908993163900043        3.7255039083636494        3.9835227844216243        4.0082290711654576     
   180.34835191960039        1.7766263168961522        1.9046781453743322        1.9338021146894835        2.3680678215461164        2.4113952661268945        2.4540615091105984        5.5693201306893085        7.7220738808743929        8.6300732686666866        3.7525681548947647        4.0116259893902004        4.0363697606302242     
   181.13696326038212        1.7792494797061209        1.9075979438711681        1.9367704823597538        2.3733143833042569        2.4167335978154716        2.4594994891939881        5.5929940510511136        7.7569583164716622        8.6692420566411066        3.7796618475887627        4.0397552325393997        4.0645362022934322     
   181.92547682470297        1.7818650954471900        1.9105090397070874        1.9397299752974249        2.3785497025194160        2.4220604993321002        2.4649257922284318        5.6166651098798690        7.7918388298349859        8.7084057277211571        3.8067847452627608        4.0679102936785316        4.0927281792200665     
   182.71389349002453        1.7844732197988240        1.9134114992091329        1.9426806614435315        2.3837738546499789        2.4273760473364345        2.4703404968859273        5.6403333325854703        7.8267154546297641        8.7475643286634810        3.8339366097789984        4.0960909554945646        4.1209454773039322     
