 #Loading AlphaStrong grids based on MMHT2014nlo
 # z=20*Log(2*mu)
 # number of points
         200
 # mu_ref
   1.0000000000000000     
 	1/as			exp(Igamma,lo)		exp(Igamma,nlo)		exp(Igamma,nnlo)	exp(IgammaVq,lo)		exp(IgammaVq,nlo)		exp(IgammaVq,nnlo)	IgammaLog,lo		IgammaLog,nlo		IgammaLog,nnlo
   10.453522879825556       0.81571500819430631       0.73014159674505519       0.66693125514507601       0.73672885398422061       0.68929146698324639       0.61864504643589857       0.50285442769074795       0.29935238618598253       0.16766760470618236       0.16352686962566929       0.26449887311498488       0.35582018467875182     
   11.925973428264015       0.83540566383854720       0.76249723858534058       0.71213296926851666       0.76356519316096438       0.72281848154572326       0.66617770427953749       0.54500912892932174       0.35546353942889936       0.22952267605384266       0.13162687571110895       0.20648761968959778       0.26804702445030937     
   13.333056032828665       0.85324436262482994       0.79078656238815259       0.75003275353490850       0.78815228931702319       0.75298070363381697       0.70687610046379545       0.58529231002225623       0.41007503590544375       0.29226036255613602       0.10548614191378299       0.16140233664275244       0.20385139306072680     
   14.690057785920644       0.86964733294207208       0.81606523880292547       0.78278980973307133       0.81098860872639922       0.78060060519768315       0.74274357153426096       0.62414169592853574       0.46347557708928372       0.35505452454795866        8.3833694864477032E-002  0.12561203026240264       0.15521507789022593     
   16.007207555522225       0.88489502761208538       0.83901266006519992       0.81173271189384077       0.83241065782416068       0.80621563450862788       0.77501224595685148       0.66185015089359900       0.51587039918944644       0.41749228692385104        6.5809158719825067E-002   9.6846796305684879E-002  0.11754480602744891     
   17.291737580881016       0.89918708698621730       0.86009397533417797       0.83773472476760258       0.85265843400141550       0.83019896342775235       0.80449210228768464       0.69862473430720551       0.56741209648405544       0.47937217969921292        5.0797458903996104E-002   7.3590230900593273E-002   8.7988523884909520E-002
   18.548978126643362       0.91267162079222486       0.87964280818536922       0.86139949264585203       0.87191032344810349       0.85282175704872332       0.83174342787039912       0.73461804904808425       0.61821804021800697       0.54060445781868138        3.8340490252486745E-002   5.4777546481657238E-002   6.4664941765917527E-002
   19.782987214190257       0.92546211129466871       0.89790728368010309       0.88316120295650280       0.89030326272607263       0.87428815677287786       0.85716970932183045       0.76994627312171282       0.66838094593231823       0.60115959341130520        2.8085978156188102E-002   3.9631453230388511E-002   4.6273197618312160E-002
   20.996935904140255       0.93764779064405124       0.91507738855246135       0.90334237014869190       0.90794512674021610       0.89475626547569698       0.88107114871333081       0.80470019101725876       0.71797564408100900       0.66104065545107016        1.9755995464895638E-002   2.7566569885943824E-002   3.1879094325015039E-002
   22.193355837716027       0.94930033110049983       0.93130210988226969       0.92218901461752967       0.92492272179426482       0.91435140697351136       0.90367720762515824       0.83895228100172159       0.76706361068731910       0.72026806824878031        1.3126611367136973E-002   1.8130622808575962E-002   2.0790593362825124E-002
   23.374304746965834       0.96047833341537114       0.94670063854252307       0.93989304699340781       0.94130715246857033       0.93317486544427952       0.92516729666821029       0.87276145369104841       0.81569610849218344       0.77887102796363905        8.0142031724207488E-003   1.0966631415024861E-002   1.2481568966276606E-002
   24.541480845350112       0.97123043934915931       0.96136995682321946       0.95660704721356149       0.95715754643549689       0.95130985113783861       0.94568442702291200       0.90617632701463713       0.86391642994988649       0.83688261201971048        4.2659407464779499E-003   5.7876757334801333E-003   6.5431325362067909E-003
   25.696304132204048       0.98159755128032955       0.97539013320661305       0.97245433326516928       0.97252371292744444       0.96882569493973414       0.96534450743544331       0.93923755391341390       0.91176153935756199       0.89433698828603481        1.7529847134519921E-003   2.3595268081097322E-003   2.6514468887643854E-003
   26.839975583490816       0.99161445341873156       0.98882811297378248       0.98753600849356737       0.98744808611938328       0.98578087319907004       0.98424285035136005       0.97197951692516371       0.95926330108912883       0.95126784132045961        3.6550709617589564E-004   4.8836658939910272E-004   5.4579424712288330E-004
   27.973521148379639        1.0013110207696638        1.0017404928086244        1.0019360112784341        1.0019671755545276        1.0022252373237202        1.0024588340807989        1.0044315877671024        1.0064494154692660        1.0077075137163711        8.9700011313336967E-006   1.1903176483912319E-005   1.3236860213107820E-005
   29.097825052205845        1.0107131371909133        1.0141755915048594        1.0157248086434520        1.0161126684865844        1.0182016889793635        1.0200593138172689        1.0366190807669486        1.0533441435710555        1.0636865708345236        6.0129378228032204E-004   7.9281143091922916E-004   8.7764119479054759E-004
   30.213655412939204        1.0198434037998285        1.0261750220315564        1.0289621476768089        1.0299122812039074        1.0337474601751002        1.0371011636418979        1.0685639862357583        1.0999688766677871        1.1192336163546952        2.0706674437669459E-003   2.7138032530667575E-003   2.9916648259380200E-003
   31.321684228610071        1.0287216934484831        1.0377749033367647        1.0416991386849568        1.0433904259282114        1.0488951062110885        1.0536332022606842        1.1002855426862761        1.1463425893943702        1.1743752551446303        4.3538314612022100E-003   5.6738634528217292E-003   6.2308007295563067E-003
   32.422503173287915        1.0373655902839753        1.0490068072593857        1.0539798555514106        1.0565687399444204        1.0636732863008556        1.0696976735206680        1.1318006890541834        1.1924822045246024        1.2291361407525627        7.3947139066986977E-003   9.5853345634921028E-003   1.0488879291959456E-002
   33.516636225139841        1.0457907422334303        1.0598985075830660        1.0658425814708792        1.0694665102697452        1.0781073847250526        1.0853313998602889        1.1631244262250393        1.2384028896530388        1.2835390693392956        1.1143334749269505E-002   1.4371630117346084E-002   1.5674621922459268E-002
   34.604549867699554        1.0540111466157824        1.0704745791889929        1.0773207902734103        1.0821010180451389        1.0922200105216804        1.1005666918370431        1.1942701090848167        1.2841183007639929        1.3376050967852231        1.5554916458958325E-002   1.9965420045024058E-002   2.1708965729031780E-002
   35.644964100167002        1.0620412926763032        1.0806559344735698        1.0882488038742939        1.0944907713288903        1.1057624433536046        1.1150357922917906        1.2243181347385104        1.3280495379073822        1.3892152748550102        2.0590413541302827E-002   2.6242438355919127E-002   2.8398698118694565E-002
   36.620373837968636        1.0699087842725603        1.0904462641607098        1.0986081066854847        1.1066750779015471        1.1186741371337070        1.1286443346865040        1.2528844032785551        1.3695241237494624        1.4374783485718823        2.6225353194571630E-002   3.3127768813989086E-002   3.5631507502801682E-002
   37.592055557750299        1.0776258406720300        1.1000188773510911        1.1087184578371465        1.1186700098718350        1.1313763433328237        1.1420096300686697        1.2813414914818619        1.4108776058019530        1.4855391717142510        3.2431176040954579E-002   4.0674578992522303E-002   4.3541207367296691E-002
   38.560212751769477        1.0851998489202279        1.1093856755348461        1.1185945452724688        1.1304844344115033        1.1438792087873102        1.1551447781784654        1.3096953589108693        1.4521157995401741        1.5334075567483967        3.9179329071074548E-002   4.8843802819731261E-002   5.2085205442312037E-002
   39.525032103749339        1.0926376168319192        1.1185575493579181        1.1282497213548015        1.1421265365482560        1.1561920779510808        1.1680617339635433        1.3379514728668576        1.4932440915776888        1.5810926690486917        4.6443502646360199E-002   5.7599877175000334E-002   6.1225000834347496E-002
   40.486685330632696        1.0999454345617838        1.1275444929871028        1.1376961632419309        1.1536038909801276        1.1683235793491547        1.1807714425528169        1.3661148623285209        1.5342674821727791        1.6286030757670968        5.4199392452172812E-002   6.6910328494213744E-002   7.0925668039754572E-002
   41.445330775163811        1.1071291280070585        1.1363557025169642        1.1469450096933911        1.1649235244160936        1.1802817003954438        1.1932839545498934        1.3941901645931132        1.5751906224746570        1.6759467913683646        6.2424492950328522E-002   7.6745419078552507E-002   8.1155420205516082E-002
   42.401114789096070        1.1141941053291098        1.1449996610411914        1.1560064783626567        1.1760919699302663        1.1920738524341112        1.2056085250223538        1.4221816657857371        1.6160178472852156        1.7231313198219735        7.1097917380445574E-002   8.7077843007076328E-002   9.1885237456695121E-002
   43.354172939544632        1.1211453976478349        1.1534842125186742        1.1648899668347663        1.1871153145483437        1.2037069275225931        1.2177536989031141        1.4500933361891553        1.6567532039800450        1.7701636935421601        8.0200240254008848E-002   9.7882463496966055E-002  0.10308854898205849     
   44.304631065215844        1.1279876947771270        1.1618166261755514        1.1736041400505437        1.1979992410708360        1.2151873482034208        1.2297273850039026        1.4779288611769983        1.6974004781257339        1.8170505092275460        8.9713358997977499E-002  0.10913608508216863       0.11474095979634101     
   45.252606204610949        1.1347253767207357        1.1700036528749396        1.1821570062701818        1.2087490649657611        1.2265211112953167        1.2415369204341165        1.5056916683975567        1.7379632162437211        1.8637979607850943        9.9620371976840510E-002  0.12081725518935396       0.12682001483773955     
   46.198207414570803        1.1413625415276598        1.1780515746380673        1.1905559833412087        1.2193697670247623        1.2377138265596752        1.2531891268955269        1.5333849517460367        1.7784447461000321        1.9104118695385253       0.10990547058399017       0.13290609065257550       0.13930499442887484     
   47.141536494502702        1.1479030300086306        1.1859662483006967        1.1988079567259700        1.2298660223638671        1.2487707509573591        1.2646903600654371        1.5610116925745736        1.8188481948419304        1.9568977119250628       0.12055384346857044       0.14538412547970639       0.15217673621494823     
   48.082688629165318        1.1543504477355331        1.1937531441266596        1.2069193304946091        1.2402422262580384        1.2596968190957523        1.2760465530736167        1.5885746785171011        1.8591765052543257        2.0032606448806920       0.13155159127054766       0.15823417680616814       0.16541747955870548     
   49.021752960867339        1.1607081846802070        1.2014173800682282        1.2148960722880098        1.2505025172230226        1.2704966703718525        1.2872632549107050        1.6160765202470015        1.8994324503687785        2.0495055291058257       0.14288565048857255       0.17144022647642798       0.17901072906679680     
   49.958813100272351        1.1669794327950636        1.2089637522547605        1.2227437530912801        1.2606507976955625        1.2811746732396749        1.2983456644694786        1.6435196664367429        1.9396186466245642        2.0956369503923740       0.15454372531308336       0.18498731610561345       0.19294113448318309     
   50.893947583624694        1.1731672017932009        1.2163967622018590        1.2304675825243818        1.2706907526112468        1.2917349469661155        1.3092986608089239        1.6709064171483772        1.9797375657533018        2.1416592391809557       0.16651422642953673       0.19886145381127238       0.20719438464070014     
   51.827230283066179        1.1792743333484073        1.2237206411594677        1.2380724402464145        1.2806258661360985        1.3021813811861400        1.3201268301394813        1.6982389358502461        2.0197915455351212        2.1875764885042748       0.17878621594034813       0.21304953108352220       0.22175711353358621     
   52.758730775758401        1.1853035139042494        1.2309393719559389        1.2455629039791896        1.2904594367718798        1.3125176535236622        1.3308344899522129        1.7255192602272342        2.0597827995544677        2.2333925704600257       0.19134935767438788       0.22753924849212323       0.23661681687863093     
   53.688514676722463        1.1912572862552309        1.2380567086438636        1.2529432745803639        1.3001945910247179        1.3227472455071905        1.3414257106519167        1.7527493119284481        2.0997134260668107        2.2791111513445248       0.20419387225395166       0.24231904912048119       0.25176177778382991     
   54.616643939633704        1.1971380600409010        1.2450761942104647        1.2602175985336157        1.3098342958010323        1.3328734569779022        1.3519043350019457        1.7799309053764030        2.1395854160731438        2.3247357055666495       0.21731049637440680       0.25737805877645570       0.26718100035140824     
   55.543177129238451        1.2029481212750857        1.2520011765791890        1.2673896881708582        1.3193813696730439        1.3428994191612948        1.3622739956447651        1.8070657557451300        2.1794006606869711        2.3702695284509314       0.23069044582394915       0.27270603216388445       0.28286415021501005     
   56.468169668576039        1.2086896410165577        1.2588348230986368        1.2744631398974748        1.3288384931377863        1.3528281065511456        1.3725381309256599        1.8341554862007139        2.2191609578684228        2.4157157480291818       0.24432538183232846       0.28829330431156425       0.29880150115526505     
   57.391674063776954        1.2143646832734689        1.2655801336884789        1.2814413506538105        1.3382082179770693        1.3626623477345778        1.3826999992151989        1.8612016344836151        2.2588680185877483        2.4610773359068094       0.25820738038958091       0.30413074665146433       0.31498388705870500     
   58.313740108857225        1.2199752122235867        1.2722399527916308        1.2883275328164983        1.3474929758145577        1.3724048352730054        1.3927626919023048        1.8882056589081082        2.2985234724827315        2.5063571172936432       0.27232890422120404       0.32020972721948310       0.33140265858765500     
   59.148526769438291        1.2255270421132414        1.2787152465984131        1.2949627659152605        1.3567016339922171        1.3817688380184441        1.4023541301483111        1.9130719743959448        2.3346818803656362        2.5473592135924696       0.28669301264531033       0.33627036407376920       0.34765392395754335     
   59.980110229713873        1.2310260519004061        1.2851200451180864        1.3015226106647826        1.3658432661209767        1.3910569885470614        1.4118639654164331        1.9378551076143904        2.3707167592589484        2.5881984292230111       0.30130416800292903       0.35257609010234942       0.36414436085089452     
   60.810800305261218        1.2364735511882428        1.2914590190425541        1.3080135105000348        1.3749194210556903        1.4002787709340203        1.4213041379598494        1.9626116158772440        2.4067205633543081        2.6289879051950362       0.31615579304735109       0.36912647235198359       0.38087736214621920     
   61.640622160756728        1.2418707945576442        1.2977338959173097        1.3144373247663983        1.3839315832828998        1.4094356866336823        1.4306762799736876        1.9873422491508381        2.4426940761038689        2.6697290351895946       0.33124157584051150       0.38591439746106848       0.39784578887776384     
   62.469599889048354        1.2472189872521908        1.3039463310747730        1.3207958328190132        1.3928811808104240        1.4185291800869664        1.4399819590830922        2.0120477254585869        2.4786380509540131        2.7104231560587930       0.34655546170354568       0.40293306960707259       0.41504282679345345     
   63.297756572064834        1.2525192878431468        1.3100979117386227        1.3270907387014526        1.4017695881621675        1.4275606417391515        1.4492226819151794        2.0367287326962313        2.5145532128859296        2.7510715508094106       0.36209163903654362       0.42017599154905810       0.43246196653008562     
   64.125114337413052        1.2577728107123221        1.3161901608352264        1.3333236754810831        1.4105981291705960        1.4365314108541301        1.4583998974188503        2.0613859303185946        2.5504402598572193        2.7916754513984223       0.37784452611974184       0.43763694707771283       0.45009698529648162     
   64.951694411028214        1.2629806283677838        1.3222245405371871        1.3394962092712328        1.4193680795834041        1.4454427781417059        1.4675149999539820        2.0860199509086899        2.5862998641521386        2.8322360413539878       0.39380875881471644       0.45530998474860918       0.46794192992808881     
   65.777517166205115        1.2681437736059724        1.3282024555615439        1.3456098429672194        1.4280806694993218        1.4542959882129545        1.4765693321693714        2.1106314016389773        2.6221326736474326        2.8727544582344038       0.40997917909199155       0.47318940278707228       0.48599110119078565     
   66.602602169307161        1.2732632415325007        1.3341252562429884        1.3516660197206014        1.4367370856466153        1.4630922418772676        1.4855641876869270        2.1352208656336580        2.6579393130001403        2.9132317959365914       0.42635082431847948       0.49126973506426003       0.50423903922423774     
   67.426968222421422        1.2783399914527005        1.3399942414003989        1.3576661261735234        1.4453384735164685        1.4718326982933252        1.4945008136077822        2.1597889032397060        2.6937203847626865        2.9536691068642096       0.44291891724430166       0.50954573805387249       0.52268051002614380     
   68.250633403204134        1.2833749486421824        1.3458106610135241        1.3636114954731624        1.4538859393626709        1.4805184769854831        1.5033804128548900        2.1843360532146434        2.7294764704316732        2.9940674039664508       0.45967885663443031       0.52801237868810058       0.54131049288893218     
   69.073615102136444        1.2883690060063977        1.3515757187246653        1.3695034100839512        1.4623805520774371        1.4891506597354496        1.5122041463646905        2.2088628338366760        2.7652081314337313        3.0344276626548798       0.47662620849506032       0.54666482303867803       0.56012416870858994     
   69.895930057391979        1.2933230256377219        1.3572905741792247        1.3753431044139814        1.4708233449528680        1.4977302923588105        1.5209731351398583        2.2333697439438760        2.8009159100539223        3.0747508226078386       0.49375669784959919       0.56549842575648157       0.57911690909366198     
   70.717594387498877        1.2982378402776409        1.3629563452175040        1.3811317672702323        1.4792153173364007        1.5062583863748025        1.5296884621737079        2.2578572639075860        2.8366003303103331        3.1150377894696346       0.51106620102288114       0.58450872020903200       0.59828426620902364     
   71.538623621962643        1.3031142546910153        1.3685741099291013        1.3868705441560085        1.4875574361879940        1.5147359205771165        1.5383511742559945        2.2823258565450586        2.8722618987786603        3.1552894364516919       0.52855073839592359       0.60369140926095000       0.61762196329530328     
   72.359032730002099        1.3079530469588059        1.3741449085802344        1.3925605394227309        1.4958506375461060        1.5231638425128322        1.5469622836689678        2.3067759679758546        2.9079011053702160        3.1955066058422377       0.54620646759677738       0.62304235664740493       0.63712588581032115     
   73.178836147537083        1.3127549696950875        1.3796697454234219        1.3982028182871589        1.5040958279089367        1.5315430698759955        1.5555227697817653        2.3312080284261416        2.9435184240664971        3.2356901104305713       0.56402967709596152       0.64255757889508813       0.65679207314383758     
   73.998047802555107        1.3175207511937082        1.3851495903981406        1.4037984087241293        1.5122938855368702        1.5398744918218084        1.5640335805505370        2.3556224529846972        2.9791143136132581        3.2758407348515841       0.58201678017763048       0.66223323774928700       0.67661671086132913     
   74.816681138973081        1.3222510965094820        1.3905853807303219        1.4093483032440131        1.5204456616815383        1.5481589702068816        1.5724956339310296        2.3800196423139828        3.0146892181766205        3.3159592368555599       0.60016430925993536       0.68206563306916779       0.69659612343637711     
   75.634749139100904        1.3269466884784649        1.3959780224379592        1.4148534605633560        1.5285519817465827        1.5563973407606668        1.5809098192099043        2.4043999833197018        3.0502435679640434        3.3560463485084751       0.61846891054045605       0.70205119615692302       0.71672676743509423     
   76.452264344804675        1.3316081886814037        1.4013283917493777        1.4203148071763443        1.5366136463846236        1.5645904141925973        1.5892769982603576        2.4287638497814572        3.0857777798119734        3.3961027773267451       0.63692733894414977       0.72218648348893633       0.73700522511876132     
   77.269238877459685        1.3362362383542188        1.4066373364403006        1.4257332388342077        1.5446314325347545        1.5727389772392888        1.5975980067273456        2.4531116029474078        3.1212922577426423        3.4361292073509540       0.65553645335343624       0.74246817082022065       0.75742819843418219     
   78.085684456775638        1.3408314592490140        1.4119056770952718        1.4311096219390151        1.5526060944044426        1.5808437936557034        1.6058736551471671        2.4774435920953071        3.1567873934918227        3.4761263001622549       0.67429321210143545       0.76289304763553845       0.77799250336360803     
   78.901612418570224        1.3453944544488692        1.4171342082985821        1.4364447948578130        1.5605383643994533        1.5889056051539199        1.6141047300058260        2.5017601550621955        3.1922635670093729        3.5160946958450396       0.69319466871092572       0.78345801192287545       0.79869506460852413     
   79.717033731561742        1.3499258091394051        1.4223236997594317        1.4417395691625750        1.5684289540051342        1.5969251322928697        1.6222919947402406        2.5260616187448628        3.2277211469342748        3.5560350138992187       0.71223796786292726       0.80416006524691253       0.81953291058371336     
   80.531959013244844        1.3544260913398929        1.4274748973756926        1.4469947308009914        1.5762785546221445        1.6049030753221407        1.6304361906860394        2.5503482995729776        3.2631604910456895        3.5959478541051637       0.73142034158003966       0.82499630810192781       0.84050316869993891     
   81.346398544909718        1.3588958525964663        1.4325885242402951        1.4522110412027347        1.5840878383594879        1.6128401149827318        1.6385380379754124        2.5746205039566963        3.2985819466915149        3.6358337973442283       0.75073910561078927       0.84596393552520266       0.86160306091534389     
   82.160362285859577        1.3633356286398146        1.4376652815939623        1.4573892383254721        1.5918574587874912        1.6207369132674188        1.6465982363882088        2.5988785287103795        3.3339858511957674        3.6756934063774840       0.77019165600226180       0.86706023295348433       0.88282989953725555     
   82.973859886878145        1.3677459400095491        1.4427058497277268        1.4625300376445693        1.5995880516531880        1.6285941141432032        1.6546174661592412        2.6231226614539476        3.3693725322460559        3.7155272265851975       0.78977546584923819       0.88828257230641805       0.90418108325753188     
   83.786900702993606        1.3721272926472861        1.4477108888384149        1.4676341330901308        1.6072802355603824        1.6364123442381424        1.6625963887445352        2.6473531809932855        3.4047423082623034        3.7553357866693453       0.80948808220890711       0.90962840828208902       0.92565409340589988     
   84.599493805584160        1.3764801784603395        1.4526810398400452        1.4727021979347417        1.6149346126165096        1.6441922134946887        1.6705356475490583        2.6715703576810044        3.4400954887478199        3.7951195993213571       0.82932712317101742       0.93109527485094690       0.94724649040694087     
   85.411647993864278        1.3808050758577837        1.4576169251338726        1.4777348856350343        1.6225517690482616        1.6519343157915201        1.6784358686182843        2.6957744537587711        3.4754323746237161        3.8348791618570832       0.84929027507405552       0.95268078193541328       0.96895591042747176     
   86.223371805791075        1.3851024502605223        1.4625191493396177        1.4827328306299679        1.6301322757878145        1.6596392295357185        1.6862976612957832        2.7199657236823516        3.5107532585476608        3.8746149568209343       0.86937528985871781       0.97438261226343748       0.99078006220209291     
   87.034673528424761        1.3893727545868746        1.4673882999902115        1.4876966490984780        1.6376766890313272        1.6673075182269694        1.6941216188488299        2.7441444144303060        3.5460584252176757        3.9143274525607468       0.88957998255043802       0.99619851838499318        1.0127167240254518     
   87.845561207776186        1.3936164297151379        1.4722249481923038        1.4926269396790408        1.6451855507713893        1.6749397309954790        1.7019083190640081        2.7683107657975756        3.5813481516622128        3.9540171037754979       0.90990222886363525        1.0181263198416874        1.0347637409010009     
   88.656042658171785        1.3978339049243915        1.4770296492544908        1.4975242841533789        1.6526593893047823        1.6825364031149845        1.7096583248144503        2.7924650106745155        3.6166227075167572        3.9936843520368104       0.93033996292030940        1.0401639004797505        1.0569190218361604     
   89.466125471164730        1.4020255983148204        1.4818029432852118        1.5023892480965173        1.6600987197170267        1.6900980564923374        1.7173721846004342        2.8166073753124747        3.6518823552880573        4.0333296262861218       0.95089117507663523        1.0623092058979604        1.0791805372751198     
   90.275817024017528        1.4061919172086912        1.4865453557620627        1.5072223814951569        1.6675040443449702        1.6976252001349270        1.7250504330648297        2.8407380795765991        3.6871273506065050        4.0729533433086980       0.97155390985132517        1.0845602410223023        1.1015463166607971     
   91.085124487781840        1.4103332585330626        1.4912573980741672        1.5120242193362301        1.6748758532186332        1.7051183305971724        1.7326935914848223        2.8648573371866322        3.7223579424673510        4.1125559081858123       0.99232626395004009        1.1069150677998452        1.1240144461181767     
   91.894054834997448        1.4144500091852357        1.4959395680391481        1.5167952821673725        1.6822146244834424        1.7125779324072172        1.7403021682412412        2.8889653559463615        3.7575743734613134        4.1521377147262362        1.0132063843805004        1.1293718030048334        1.1465830662517971     
   92.702614847032891        1.4185425463818815        1.5005923503961236        1.5215360766309156        1.6895208248039044        1.7200044784748936        1.7478766592667359        2.9130623379623799        3.7927768799951642        4.1916991458781876        1.0341924666532754        1.1519286161504430        1.1692503700506260     
   93.510811121086434        1.4226112379927338        1.5052162172760741        1.5262470959729164        1.6967949097497197        1.7273984304819603        1.7554175484739591        2.9371484798527394        3.8279656925027976        4.2312405741227588        1.0552827530635811        1.1745837275001261        1.1920146008940675     
   94.318650076867357        1.4266564428596671        1.5098116286508247        1.5309288205286218        1.7040373241652567        1.7347602392555412        1.7629253081648377        2.9612239729460614        3.8631410356472835        4.2707623618498225        1.0764755310496870        1.1973354061728487        1.2148740506532301     
   95.126137962974553        1.4306785111019373        1.5143790327618203        1.5355817181856890        1.7112485025232629        1.7420903451256557        1.7704003994219586        2.9852890034716353        3.8983031285143799        4.3102648617173305        1.0977691316238334        1.2201819683369231        1.2378270578820152     
   95.933280862988539        1.4346777844083087        1.5189188665297828        1.5402062448263816        1.7184288692636294        1.7493891782676534        1.7778432724830102        3.0093437527409770        3.9334521847979014        4.3497484169948697        1.1191619278717964        1.2431217754874655        1.2608720060929151     
   96.740084701292716        1.4386545963167494        1.5234315559462817        1.5448028447498965        1.7255788391179732        1.7566571590303313        1.7852543670991752        3.0333883973213105        3.9685884129773874        4.3892133618922742        1.1406523335174936        1.2661532328028513        1.2840073221127728     
   97.546555248638427        1.4426092724823383        1.5279175164481784        1.5493719510758996        1.7326988174207654        1.7638946982504695        1.7926341128783201        3.0574231092014230        4.0037120164884525        4.4286600218741121        1.1622388015492384        1.2892747875758253        1.3072314745140534     
   98.352698127466539        1.4465421309339765        1.5323771532758468        1.5539139861302675        1.7397892004076774        1.7711021975544541        1.7999829296137535        3.0814480559502595        4.0388231938861470        4.4680887139606842        1.1839198229044505        1.3124849277152020        1.3305429721174598     
   99.158518816999219        1.4504534823204811        1.5368108618160174        1.5584293618139935        1.7468503755017848        1.7782800496476432        1.8073012275993008        3.1054634008686630        4.0739221390017164        4.5074997470162907        1.2056939252098398        1.3357821803143617        1.3539403625620130     
   99.964022658113194        1.4543436301465842        1.5412190279300459        1.5629184799561393        1.7538827215882431        1.7854286385920881        1.8145894079313973        3.1294693031346430        4.1090090410930920        4.5468934220254207        1.2275596715742634        1.3591651102829903        1.3774222309389634     
   100.76921485800575        1.4582128709993265        1.5456020282683263        1.5673817326516426        1.7608866092779489        1.7925483400731306        1.8218478627988006        3.1534659179423330        4.1440840849891938        4.5862700323571826        1.2495156594314787        1.3826323190385765        1.4009871984859745     
   101.57410049466449        1.4620614947653641        1.5499602305716136        1.5718195025848227        1.7678624011608297        1.7996395216555265        1.8290769757606513        3.1774533966353351        4.1791474512288902        4.6256298640192268        1.2715605194306223        1.4061824432548842        1.4246339213387336     
   102.37868452115002        1.4658897848395664        1.5542939939598384        1.5762321633392389        1.7748104520491295        1.8067025430294630        1.8362771220133145        3.2014318868342655        4.2141993161941498        4.6649731959008127        1.2936929143716429        1.4298141536639799        1.4483610893365091     
   103.18297176970155        1.4696980183253747        1.5586036692090930        1.5806200796946503        1.7817311092112629        1.8137377562470491        1.8434486686466538        3.2254015325591383        4.2492398522382144        4.7043003000062047        1.3159115381837936        1.4535261539093995        1.4721674248791896     
   103.98696695567405        1.4734864662272957        1.5628895990173510        1.5849836079117008        1.7886247125966450        1.8207455059496913        1.8505919748902058        3.2493624743466860        4.2842692278087524        4.7436114416785502        1.3382151149449648        1.4773171794477011        1.4960516818329996     
   104.79067468131471        1.4772553936359110        1.5671521182594788        1.5893230960049516        1.7954915950519310        1.8277261295867906        1.8577073923497534        3.2733148493629218        4.3192876075663351        4.7829068798148171        1.3606023979399202        1.5011859964959877        1.5200126444824380     
   105.59409943938728        1.4810050599057469        1.5713915542320582        1.5936388840048272        1.8023320825290605        1.8346799576261585        1.8647952652347441        3.2972587915111489        4.3542951524983993        4.8221868670721459        1.3830721687555747        1.5251314010230910        1.5440491265260894     
   106.39724561665139        1.4847357188263475        1.5756082268885097        1.5979313042090271        1.8091464942854842        1.8416073137565387        1.8718559305769928        3.3211944315356439        4.3892920200289174        4.8614516500660718        1.4056232364115535        1.5491522177822354        1.5681599701140960     
   107.20011749720331        1.4884476187868569        1.5798024490649825        1.6022006814239058        1.8159351430769373        1.8485085150825926        1.8788897184410756        3.3451218971212331        4.4242783641239747        4.9007014695609534        1.4282544365243945        1.5732472993831581        1.5923440449252313     
   108.00271926568588        1.4921410029344158        1.5839745266974488        1.6064473331963129        1.8226983353430859        1.8553838723126896        1.8858969521267923        3.3690413129889376        4.4592543353934229        4.9399365606530088        1.4509646305038044        1.5974155254017308        1.6166002472815988     
   108.80505501037217        1.4958161093266478        1.5881247590304104        1.6106715700363397        1.8294363713863795        1.8622336899398280        1.8928779483640734        3.3929528009878900        4.4942200811888089        4.9791571529462813        1.4737527047795063        1.6216558015252855        1.6409274992991278     
   109.60712872613040        1.4994731710785068        1.5922534388176159        1.6148736956314080        1.8361495455444001        1.8690582664159856        1.8998330175006628        3.4168564801836832        4.5291757456977075        5.0183634707218454        1.4966175700572686        1.6459670587319177        1.6653247480721245     
   110.40894431727442        1.5031124165037368        1.5963608525151525        1.6190540070521062        1.8428381463560071        1.8758578943202013        1.9067624636829128        3.4407524669433305        4.5641214700346540        5.0575557331005889        1.5195581606027906        1.6703482525021471        1.6897909648902301     
   111.21050560030591        1.5067340692511819        1.6004472804672629        1.6232127949501565        1.8495024567215403        1.8826328605206508        1.9136665850299925        3.4646408750169755        4.5990573923287874        5.0967341541998357        1.5425734335521910        1.6947983620614093        1.7143251444862513     
   112.01181630655246        1.5103383484361761        1.6045129970852203        1.6273503437488748        1.8561427540573459        1.8893834463309851        1.9205456738018076        3.4885218156165254        4.6339836478083871        5.1358989432841060        1.5656623682479089        1.7193163896519326        1.7389263043133933     
   112.81288008470659        1.5139254687672261        1.6085582710195723        1.6314669318264712        1.8627593104448696        1.8961099276611786        1.9274000165609060        3.5123953974913200        4.6689003688824018        5.1750503049102603        1.5888239655988872        1.7439013598326254        1.7635934838505130     
   113.61370050327073        1.5174956406681914        1.6125833653260484        1.6355628316925088        1.8693523927745435        1.9028125751631146        1.9342298943286267        3.5362617270009817        4.7038076852190942        5.2141884390672608        1.6120572474639712        1.7685523188056897        1.7883257439340909     
   114.41428105291102        1.5210490703961559        1.6165885376254179        1.6396383101578369        1.8759222628846974        1.9094916543711402        1.9410355827357508        3.5601209081855827        4.7387057238219796        5.2533135413108374        1.6353612560575110        1.7932683337687338        1.8131221661156876     
   115.21462514872560        1.5245859601551817        1.6205740402575666        1.6436936284982917        1.8824691776957061        1.9161474258378091        1.9478173521678952        3.5839730428332546        4.7735946091031325        5.2924258028932636        1.6587350533762275        1.8180484922912530        1.8379818520437410     
   116.01473613242950        1.5281065082060876        1.6245401204300123        1.6477290426124080        1.8889933893395239        1.9227801452649584        1.9545754679058205        3.6078182305452065        4.8084744629537886        5.3315254108882160        1.6821777206462678        1.8428919017142076        1.8629039228684261     
   116.81461727446111        1.5316109089724921        1.6284870203611799        1.6517448031734847        1.8954951452849196        1.9293900636304389        1.9613101902609924        3.6316565687986642        4.8433454048129390        5.3706125483116187        1.7056883577899875        1.8677976885720959        1.8878875186689692     
   117.61427177601303        1.5350993531431822        1.6324149774185579        1.6557411557761492        1.9019746884584288        1.9359774273105199        1.9680217747064381        3.6554881530072763        4.8782075517331798        5.4096873942376948        1.7292660829110986        1.8927649980359567        1.9129317979018410     
   118.41370277099041        1.5385720277710342        1.6363242242520333        1.6597183410777314        1.9084322573613197        1.9425424781982572        1.9747104720032087        3.6793130765795121        4.9130610184445596        5.4487501239111591        1.7529100317977937        1.9177929933767921        1.9380359368693156     
   119.21291332790028        1.5420291163685922        1.6402149889225759        1.6636765949346453        1.9148680861826812        1.9490854538179470        1.9813765283225813        3.7031314309749628        4.9479059174162403        5.4878009088553936        1.7766193574429572        1.9428808554483707        1.9631991292073521     
   120.01190645167431        1.5454707990004546        1.6440874950264746        1.6676161485339900        1.9212824049088044        1.9556065874358273        1.9880201853641892        3.7269433057586649        4.9827423589161093        5.5268399169768569        1.8003932295807616        1.9680277821885739        1.9884205853919523     
   120.81068508542849        1.5488972523725917        1.6479419618153106        1.6715372285205783        1.9276754394290003        1.9621061081671796        1.9946416804702389        3.7507487886535462        5.0175704510684405        5.5658673126658789        1.8242308342389899        1.9932329881385054        2.0136995322632174     
   121.60925211216150        1.5523086499187184        1.6517786043118445        1.6754400571195796        1.9340474116379966        1.9685842410799685        2.0012412467359759        3.7745479655910326        5.0523902999096313        5.6048832568939426        1.8481313733064271        2.0184957039785894        2.0390352125663220     
   122.40761035639505        1.5557051618838436        1.6555976334219846        1.6793248522549638        1.9403985395350485        1.9750412072951615        2.0078191131165468        3.7983409207599377        5.0872020094421595        5.6438879073076720        1.8720940641147292        2.0438151760809564        2.0644268845086988     
   123.20576258575825        1.5590869554051039        1.6593992560429989        1.6831918276639195        1.9467290373198953        1.9814772240838558        2.0143755045304088        3.8221277366536839        5.1220056816867876        5.6828814183196137        1.8961181390341697        2.0691906660774100        2.0898738213327337     
   124.00371151251815        1.5624541945899908        1.6631836751681208        1.6870411930074112        1.9530391154856768        1.9878925049613345        2.0209106419594067        3.8459084941159083        5.1568014167330709        5.7218639411959344        1.9202028450827113        2.0946214504423319        2.1153753109033198     
   124.80145979505917        1.5658070405920714        1.6669510899876907        1.6908731539770283        1.9593289809089347        1.9942872597781720        2.0274247425456706        3.8696832723845547        5.1915893127882793        5.7608356241411940        1.9443474435478829        2.1201068200899100        2.1409306553096545     
   125.59901003931250        1.5691456516843019        1.6707016959869814        1.6946879123982879        1.9655988369368074        2.0006616948085014        2.0339180196854310        3.8934521491344749        5.2263694662247460        5.7997966123802653        1.9685512096209479        2.1456460799850903        2.1665391704806849     
   126.39636480013888        1.5724701833300279        1.6744356850408282        1.6984856663305206        1.9718488834715269        2.0070160128355554        2.0403906831199046        3.9172152005186409        5.2611419716257499        5.8387470482375781        1.9928134320428834        2.1712385487676937        2.1922001858136322     
   127.19352658266524        1.5757807882517527        1.6781532455051968        1.7022666101634851        1.9780793170523125        2.0133504132345710        2.0468429390233207        3.9409725012079675        5.2959069218299391        5.8776870712137157        2.0171334127617189        2.1968835583891675        2.2179130438150727     
   127.99049784357798        1.5790776164977698        1.6818545623058052        1.7060309347108356        1.9842903309347710        2.0196650920531756        2.0532749900882408        3.9647241244298632        5.3306644079743855        5.9166168180595227        2.0415104666007839        2.2225804537614557        2.2436770997540592     
   128.78728099237375        1.5823608155067295        1.6855398170239155        1.7097788273005701        1.9904821151678822        2.0259602420893277        2.0596870356082380        3.9884701420055078        5.3654145195363121        5.9555364228478052        2.0659439209374546        2.2483285924175025        2.2694917213267867     
   129.58387839257045        1.5856305301702240        1.6892091879794047        1.7135104718625733        1.9966548566686726        2.0322360529669230        2.0660792715580589        4.0122106243859346        5.4001573443735325        5.9944460170427147        2.0904331153919968        2.2741273441829324        2.2953562883323628     
   130.38029236287886        1.5888869028934620        1.6928628503112189        1.7172260490133713        2.0028087392946508        2.0384927112091309        2.0724518906713500        4.0359456406869567        5.4348929687636591        6.0333457295668955        2.1149774015261200        2.2999760908584541        2.3212701923592123     
   131.17652517833727        1.5921300736541082        1.6965009760553149        1.7209257361382067        2.0089439439141015        2.0447304003095694        2.0788050825160500        4.0596752587230007        5.4696214774421739        6.0722356868665539        2.1395761425509146        2.3258742259126128        2.3472328364817572     
   131.97257907141034        1.5953601800593289        1.7001237342201554        1.7246097074705089        2.0150606484742646        2.0509493008013400        2.0851390335674869        4.0833995450397387        5.5043429536391164        6.1111160129741986        2.1642287130436348        2.3518211541842842        2.3732436349667525     
   132.76845623305275        1.5985773574011748        1.7037312908599220        1.7282781341689339        2.0211590280675953        2.0571495903241179        2.0914539272793808        4.1071185649459707        5.5390574791151428        6.1499868295699276        2.1889344986734511        2.3778162915950172        2.3993020129893963     
   133.56415881374028        1.6017817387102740        1.7073238091454350        1.7319311843919620        2.0272392549960134        2.0633314436892145        2.0977499441526741        4.1308323825442281        5.5737651341960355        6.1888482560402673        2.2136928959352411        2.4038590648702045        2.4254074063581861     
   134.35968892446863        1.6049734548079619        1.7109014494329369        1.7355690233702239        2.0333014988333380        2.0694950329427937        2.1040272618023779        4.1545410607605691        5.6084659978064417        6.2277004095354558        2.2385033118915820        2.4299489112692338        2.4515592612486792     
   135.15504863772151        1.6081526343568775        1.7144643693307904        1.7391918134766111        2.0393459264859159        2.0756405274272742        2.1102860550224687        4.1782446613734283        5.6431601475025621        6.2665434050248923        2.2633651639224452        2.4560852783240614        2.4777570339455997     
   135.95023998840887        1.6113194039100851        1.7180127237641716        1.7427997142942511        2.0453727022515245        2.0817680938409726        2.1165264958489063        4.2019432450415932        5.6778476595039127        6.3053773553509007        2.2882778794823797        2.4822676235859622        2.5040001905930453     
   136.74526497477663        1.6144738879587703        1.7215466650378264        1.7463928826824286        2.0513819878765913        2.0878778962960540        2.1227487536208329        4.2256368713312886        5.7125286087240958        6.3442023712807938        2.3132408958648658        2.5084954143800986        2.5302882069524384     
   137.54012555928918        1.6176162089785691        1.7250663428969719        1.7499714728405351        2.0573739426118176        2.0939700963748606        2.1289529950400388        4.2493255987424989        5.7472030688007765        6.3830185615574422        2.3382536599736423        2.5347681275676743        2.5566205681679910     
   138.33482366948493        1.6207464874745663        1.7285719045863954        1.7535356363701053        2.0633487232662304        2.1000448531846536        2.1351393842287254        4.2730094847344482        5.7818711121247208        6.4218260329482399        2.3633156281007026        2.5610852493153398        2.5829967685393438     
   139.12936119880627        1.6238648420250201        1.7320634949078269        1.7570855223350228        2.0693064842597382        2.1061023234108394        2.1413080827856521        4.2966885857503536        5.8165328098680549        6.4606248902926495        2.3884262657107649        2.5874462748716174        2.6094163113011608     
   139.92374000740534        1.6269713893238469        1.7355412562756356        1.7606212773199461        2.0752473776742271        2.1121426613687224        2.1474592498407032        4.3203629572414171        5.8511882320116948        6.4994152365482947        2.4135850472319702        2.6138507083500793        2.6358787084094009     
   140.71796192292547        1.6300662442219174        1.7390053287709208        1.7641430454870342        2.0811715533032586        2.1181660190538358        2.1535930421079397        4.3440326536901264        5.8858374473720172        6.5381971728357140        2.4387914558525989        2.6402980625190273        2.6623834803340252     
   141.51202874125997        1.6331495197671997        1.7424558501940441        1.7676509686310198        2.0870791587004067        2.1241725461909029        2.1597096139371823        4.3676977286328684        5.9204805236267894        6.5769707984817831        2.4640449833235913        2.6667878585974494        2.6889301558579151     
   142.30594222728882        1.6362213272437884        1.7458929561156611        1.7711451862326917        2.0929703392262802        2.1301623902814644        2.1658091173641774        4.3913582346818734        5.9551175273403505        6.6157362110618454        2.4893451297666771        2.6933196260570202        2.7155182718817650     
   143.09970411559374        1.6392817762098593        1.7493167799263047        1.7746258355108464        2.0988452380942841        2.1361356966502272        2.1718917021593951        4.4150142235465371        5.9897485239881272        6.6544935064406534        2.5146914034879209        2.7198929024299354        2.7421473732347468     
   143.89331611115284        1.6423309745345838        1.7527274528845680        1.7780930514727535        2.1047039964151462        2.1420926084901684        2.1779575158754980        4.4386657460541112        6.0243735779804464        6.6932427788120838        2.5400833207965019        2.7465072331223754        2.7688170124907390     
   144.68677989001546        1.6453690284340390        1.7561251041639370        1.7815469669631969        2.1105467532402624        2.1480332669064408        2.1840067038935369        4.4623128521698279        6.0589927526857279        6.7319841207377467        2.5655204058285377        2.7731621712333836        2.7955267497899072     
   145.48009709995748        1.6483960425061437        1.7595098608983148        1.7849877127121263        2.1163736456038875        2.1539578109591111        2.1900394094678979        4.4859555910164053        6.0936061104530008        6.7707176231844377        2.5910021903758138        2.7998572773790045        2.8222761526654843     
   146.27326936111822        1.6514121197646630        1.7628818482262936        1.7884154173809907        2.1221848085642319        2.1598663777047893        2.1960557737700719        4.5095940108930934        6.1282137126339133        6.8094433755606447        2.6165282137192398        2.8265921195214867        2.8490647958755582     
   147.06629826661953        1.6544173616722764        1.7662411893341763        1.7918302076077472        2.1279803752434323        2.1657591022371196        2.2020559359312148        4.5332281592939614        6.1628156196038519        6.8481614657516703        2.6420980224667274        2.8533662728032074        2.8758922612395152     
   147.85918538316750        1.6574118681728141        1.7695880054978750        1.7952322080506815        2.1337604768665712        2.1716361177263095        2.2080400330836740        4.5568580829260386        6.1974118907830196        6.8868719801543774        2.6677111703958079        2.8801793193856646        2.9027581374795046     
   148.65193225163696        1.6603957377225966        1.7729224161236166        1.7986215414309723        2.1395252427996021        2.1774975554575469        2.2140082004013455        4.5804838277266127        6.2320025846564624        6.9255750037103789        2.6933672183001796        2.9070308482926541        2.9296620200660208     
   149.44454038764079        1.6633690673209707        1.7762445387875703        1.8019983285741163        2.1452748005863396        2.1833435448684773        2.2199605711390213        4.6041054388802083        6.2665877587937935        6.9642706199385929        2.7190657338405635        2.9339204552580362        2.9566035110680295     
   150.23701128208225        1.6663319525400440        1.7795544892744075        1.8053626884502232        2.1510092759844950        2.1891742135857086        2.2258972766707097        4.6277229608350607        6.3011674698683446        7.0029589109668082        2.7448062913995055        2.9608477425777013        2.9835822190072321     
   151.02934640169363        1.6692844875536499        1.7828523816148278        1.8087147382132247        2.1567287930008017        2.1949896874603998        2.2318184465269790        4.6513364373191637        6.3357417736758572        7.0416399575624382        2.7705884719400635        2.9878123189656574        3.0105977587164050     
   151.82154718955891        1.6722267651655582        1.7861383281220868        1.8120545932390266        2.1624334739252440        2.2007900906029350        2.2377242084313327        4.6749459113558434        6.3703107251526268        7.0803138391623639        2.7964118628682253        3.0148137994140787        3.0376497512016458     
   152.61361506562332        1.6751588768369665        1.7894124394275581        1.8153823671626466        2.1681234393644302        2.2065755454167415        2.2436146883356742        4.6985514252789429        6.4048743783932220        7.1189806339020167        2.8222760578989479        3.0418518050571857        3.0647378235084002     
   153.40555142718839        1.6780809127132856        1.7926748245153621        1.8186981719143631        2.1737988082741340        2.2123461726312543        2.2494900104548670        4.7221530207475801        6.4394327866677337        7.1576404186436440        2.8481806569257189        3.0689259630388563        3.0918616085911745     
   154.19735764939435        1.6809929616502479        1.7959255907560883        1.8220021177549151        2.1794596979910228        2.2181020913340670        2.2553502973004322        4.7457507387605204        6.4739860024385765        7.1962932690038270        2.8741252658934973        3.0960359063838032        3.1190207451867620     
   154.98903508568944        1.6838951112393516        1.7991648439396390        1.8252943133097710        2.1851062242636035        2.2238434190022849        2.2611956697133988        4.7693446196701590        6.5085340773768667        7.2349392593802486        2.9001094966749643        3.1231812738722455        3.1462148776909209     
   155.78058506828663        1.6867874478326714        1.8023926883072285        1.8285748656025118        2.1907385012824103        2.2295702715331123        2.2670262468963460        4.7929347031961411        6.5430770623783907        7.2735784629777598        2.9261329669499401        3.1503617099179175        3.1734436560383417     
   156.57200890860841        1.6896700565670431        1.8056092265825539        1.8318438800873404        2.1963566417094484        2.2352827632736871        2.2728421464446442        4.8165210284386015        6.5776150075791415        7.3122109518337188        2.9521953000879120        3.1775768644493514        3.2007067355858436     
   157.36330789772049        1.6925430213876527        1.8088145600021746        1.8351014606807605        2.2019607567069337        2.2409810070502023        2.2786434843769428        4.8401036338911023        6.6121479623705177        7.3508367968427333        2.9782961250335487        3.2048263927942995        3.2280037769986678     
   158.15448330675309        1.6954064250710399        1.8120087883451172        1.8383477097924352        2.2075509559653232        2.2466651141963090        2.2844303751648978        4.8636825574531795        6.6466759754140829        7.3894560677806584        3.0044350761951013        3.2321099555671879        3.2553344461397593     
   158.94553638731236        1.6982603492475352        1.8151920099617302        1.8415827283552639        2.2131273477306848        2.2523351945808487        2.2902029317621899        4.8872578364426120        6.6811990946560131        7.4280688333280604        3.0306117933356451        3.2594272185595492        3.2826984139619864     
   159.73646837188062        1.7011048744231512        1.8183643218018160        1.8448066158546945        2.2186900388314044        2.2579913566349195        2.2959612656328368        4.9108295076073336        6.7157173673411377        7.4666751610929865        3.0568259214670257        3.2867778526332869        3.3100953564031514     
   160.52728047420641        1.7039400800009394        1.8215258194420578        1.8480194703572945        2.2242391347042618        2.2636337073782986        2.3017054867788267        4.9343976071370754        6.7502308400266804        7.5052751176332224        3.0830771107464625        3.3141615336167214        3.3375249542837433     
   161.31797388968488        1.7067660443018307        1.8246765971127643        1.8512213885386077        2.2297747394198901        2.2692623524452409        2.3074357037670903        4.9579621706746826        6.7847395585956241        7.5438687684779104        3.1093650163757167        3.3415779422033167        3.3649868932073317     
   162.10854979572815        1.7095828445849792        1.8278167477239584        1.8544124657103198        2.2352969557076405        2.2748773961096789        2.3131520237558418        4.9815232333272004        6.8192435682698269        7.5824561781487088        3.1356892985027840        3.3690267638530402        3.3924808634635579     
   162.89900935212660        1.7123905570675995        1.8309463628907998        1.8575927958467253        2.2408058849798298        2.2804789413097954        2.3188545525202584        5.0050808296764906        6.8537429136225594        7.6210374101801284        3.1620496221258141        3.3965076886960412        3.4200065599334057     
   163.68935370140079        1.7151892569443694        1.8340655329584317        1.8607624716105899        2.2463016273555025        2.2860670896721014        2.3245433944776335        5.0286349937899404        6.8882376385912440        7.6596125271399016        3.1884456569997499        3.4240204114391735        3.4475636819972828     
   164.47958396914518        1.7179790184063353        1.8371743470261754        1.8639215843783268        2.2517842816835594        2.2916419415348788        2.3302186527118649        5.0521857592305448        6.9227277864893848        7.6981815906482822        3.2148770775448647        3.4515646312744792        3.4751519334450252     
   165.26970126436234        1.7207599146593919        1.8402728929711660        1.8670702242645891        2.2572539455653984        2.2972035959711254        2.3358804289974113        5.0757331590669237        6.9572134000184604        7.7367446613971458        3.2413435627577036        3.4791400517901758        3.5027710223883743     
   166.05970667979011        1.7235320179423226        1.8433612574714073        1.8702084801462509        2.2627107153770236        2.3027521508109614        2.3415288238226895        5.0992772258830517        6.9916945212794985        7.7753017991685578        3.2678447961241184        3.5067463808838180        3.5304206611755924     
   166.84960129221943        1.7262953995444226        1.8464395260282813        1.8733364396858174        2.2681546862906572        2.3082877026635327        2.3471639364129304        5.1228179917877448        7.0261711917843499        7.8138530628528589        3.2943804655343869        3.5343833306776178        3.5581005663082061     
   167.63938616280552        1.7290501298227092        1.8495077829885151        1.8764541893542652        2.2735859522958535        2.3138103469384097        2.3527858647525131        5.1463554884239215        7.0606434524667350        7.8523985104663483        3.3209502632003667        3.5620506174358728        3.5858104583598229     
   168.42906233737068        1.7317962782187393        1.8525661115656311        1.8795618144533417        2.2790046062201412        2.3193201778665116        2.3583947056067931        5.1698897469776366        7.0951113436929951        7.8909381991684775        3.3475538855745914        3.5897479614844041        3.6135500618969307     
   169.21863084670017        1.7345339132750348        1.8556145938608866        1.8826593991373299        2.2844107397492031        2.3248172885205558        2.3639905545434310        5.1934207981868816        7.1295749052725990        7.9294721852786463        3.3741910332712863        3.6174750871319765        3.6413191054016454     
   170.00809270683104        1.7372631026511389        1.8586533108837269        1.8857470264343019        2.2898044434466005        2.3303017708350535        2.3695735059532446        5.2169486723502061        7.1640341764684479        7.9680005242926280        3.4008614109892501        3.6452317225936457        3.6691173211963588     
   170.79744891933339        1.7399839131393027        1.8616823425717557        1.8888247782668677        2.2951858067730648        2.3357737156258587        2.3751436530705927        5.2404733993350927        7.1984891960068715        8.0065232708985192        3.4275647274365002        3.6730175999159265        3.6969444453701756     
   171.58670047158554        1.7426964106798195        1.8647017678102464        1.8918927354724437        2.3005549181053611        2.3412332126092936        2.3807010879933053        5.2639950085861731        7.2329400020874735        8.0450404789923855        3.4543006952567086        3.7008324549038010        3.7248002177071675     
   172.37584833704298        1.7454006603760106        1.8677116644511946        1.8949509778230400        2.3059118647547310        2.3466803504208387        2.3862459017021656        5.2875135291331929        7.2673866323926646        8.0835522016934380        3.4810690309573160        3.7286760270494583        3.7526843816163238     
   173.16489347549944        1.7480967265088805        1.8707121093319421        1.8979995840445993        2.3112567329849427        2.3521152166334285        2.3917781840799721        5.3110289895988627        7.3018291240970674        8.1220584913589580        3.5078694548393021        3.7565480594627334        3.7805966840631804     
   173.95383683334390        1.7507846725514398        1.8737031782933655        1.9010386318358823        2.3165896080299380        2.3575378977753432        2.3972980239301740        5.3345414182064514        7.3362675138766420        8.1605593995987800        3.5347016909285682        3.7844482988032038        3.8085368755030791     
   174.74267934380967        1.7534645611827149        1.8766849461976562        1.9040681978869203        2.3219105741111030        2.3629484793477107        2.4028055089951024        5.3580508427872529        7.3707018379176406        8.1990549772894674        3.5615654669088896        3.8123764952138965        3.8365047098160105     
   175.53142192721904        1.7561364543014442        1.8796574869456935        1.9070883578970486        2.3272197144541589        2.3683470458416318        2.4083007259737985        5.3815572907878417        7.4051321319253312        8.2375452745881184        3.5884605140563619        3.8403324022565255        3.8644999442429628     
   176.32006549122144        1.7588004130394779        1.8826208734940302        1.9100991865925310        2.3325171113057048        2.3737336807549481        2.4137837605394741        5.4050607892772069        7.4395584311325891        8.2760303409459510        3.6153865671753640        3.8683157768482821        3.8925223393237984     
   177.10861093102667        1.7614564977748806        1.8855751778714911        1.9131007577437795        2.3378028459493887        2.3791084666086344        2.4192546973565716        5.4285613649536595        7.4739807703081986        8.3145102251214134        3.6423433645359364        3.8963263792000755        3.9205716588365611     
   177.89705912963211        1.7641047681447555        1.8885204711954109        1.9160931441821989        2.3430769987217577        2.3844714849628654        2.4247136200974850        5.4520590441516754        7.5083991837651292        8.3529849751931895        3.6693306478125938        3.9243639727562361        3.9486476697382162     
   178.68541095804531        1.7667452830577690        1.8914568236874838        1.9190764178166242        2.3483396490277233        2.3898228164326980        2.4301606114588750        5.4755538528483632        7.5428137053682658        8.3914546385725064        3.6963481620243193        3.9524283241354197        3.9767501421065745     
   179.47366727550144        1.7693781007064473        1.8943843046893110        1.9220506496494429        2.3535908753557884        2.3951625407035011        2.4355957531777239        5.4990458166701641        7.5772243685425957        8.4299192620158436        3.7233956554762737        3.9805192030732806        4.0048788490839620     
   180.26182892967560        1.7720032785791662        1.8973029826775580        1.9250159097923094        2.3588307552928667        2.4004907365459842        2.4410191260469620        5.5225349608990246        7.6116312062806042        8.4683788916366716        3.7504728797023907        4.0086363823660234        4.0330335668217421     
   181.04989675689006        1.7746208734719102        1.9002129252788063        1.9279722674815412        2.3640593655388473        2.4058074818309603        2.4464308099308210        5.5460213104786442        7.6460342511498389        8.5068335729172713        3.7775795894094411        4.0367796378154637        4.0612140744263341     
   181.83787158231786        1.7772309414997696        1.9031141992840703        1.9309197910931637        2.3692767819208296        2.4111128535437771        2.4518308837798406        5.5695048900204922        7.6804335353001969        8.5452833507202151        3.8047155424222656        4.0649487481752784        4.0894201539063930     
   182.62575422018077        1.7798335381082022        1.9060068706630051        1.9338585481576345        2.3744830794070801        2.4164069277984694        2.4572194256455746        5.5929857238097362        7.7148290904711132        8.5837282692995736        3.8318804996302078        4.0931434950984658        4.1176515901211834     
