         4.5        0.1            4.31e-36           3.20e-37
         4.5        0.3            7.83e-36           2.40e-37
         4.5        0.5            4.98e-36           2.30e-37
         4.5        0.7            1.95e-36           2.20e-37
         4.5        0.9            2.37e-36           2.20e-37
         4.5        1.1            1.65e-36           1.60e-37
         4.5        1.3            5.74e-37           1.40e-37
         4.5        1.5            5.95e-37           1.24e-37
         4.5        1.7            4.32e-37           1.02e-37
         4.5        1.9            2.64e-38           6.70e-38
         4.5        2.1            2.21e-37           6.20e-38
         4.5        2.3           -3.78e-39           5.50e-38
         4.5        2.5            1.37e-37           5.60e-38
         4.5        2.7           -7.24e-38           7.50e-38
         5.5        0.1            2.07e-36           1.10e-37
         5.5        0.3            7.70e-37           8.00e-38
         5.5        0.5            6.80e-37           7.00e-38
         5.5        0.7            1.27e-36           7.00e-38
         5.5        0.9            5.90e-37           5.10e-38
         5.5        1.1            5.55e-37           4.30e-38
         5.5        1.3            3.03e-37           3.00e-38
         5.5        1.5            2.91e-37           3.60e-38
         5.5        1.7            2.22e-37           2.80e-38
         5.5        1.9            5.67e-38           1.50e-38
         5.5        2.1            2.48e-38           1.60e-38
         5.5        2.3            8.41e-38           1.60e-38
         5.5        2.5           -5.33e-40           8.30e-39
         5.5        2.7            2.00e-38           8.70e-39
         5.5        2.9            6.25e-39           4.20e-39
         5.5        3.3           -1.94e-39           5.10e-39
         6.5        0.1            4.52e-37           4.30e-38
         6.5        0.3            2.89e-37           2.50e-38
         6.5        0.5            3.40e-37           2.20e-38
         6.5        0.7            1.67e-37           2.00e-38
         6.5        0.9            2.29e-37           1.70e-38
         6.5        1.1            6.19e-38           1.40e-38
         6.5        1.3            6.05e-38           1.10e-38
         6.5        1.5            4.04e-38           8.00e-39
         6.5        1.7            4.50e-38           7.00e-39
         6.5        1.9            1.04e-38           6.00e-39
         6.5        2.1            7.61e-40           3.70e-39
         6.5        2.3            1.84e-38           4.30e-39
         6.5        2.5            1.99e-39           3.10e-39
         6.5        2.7            5.72e-39           1.80e-39
         7.5        0.1            8.41e-38           1.88e-38
         7.5        0.3            9.87e-38           1.11e-38
         7.5        0.5            5.21e-38           8.40e-39
         7.5        0.7            5.61e-38           6.90e-39
         7.5        0.9            3.61e-38           6.10e-39
         7.5        1.1            5.00e-38           5.40e-39
         7.5        1.3            1.54e-38           3.80e-39
         7.5        1.5            1.12e-38           2.90e-39
         7.5        1.7            8.15e-39           2.50e-39
         7.5        1.9            4.67e-39           1.70e-39
         7.5        2.1            2.99e-39           1.90e-39
         7.5        2.3            3.15e-39           1.20e-39
         7.5        3.1            6.06e-40           1.20e-39
         8.5        0.1            1.35e-38           7.50e-39
         8.5        0.3            2.53e-38           3.80e-39
         8.5        0.5            1.35e-38           2.90e-39
         8.5        0.7            1.15e-38           2.30e-39
         8.5        0.9            7.78e-39           1.70e-39
         8.5        1.1            8.81e-39           1.60e-39
         8.5        1.3            3.04e-39           1.80e-39
         8.5        1.5            2.39e-39           1.00e-39
         8.5        1.7            4.89e-40           7.50e-40
         8.5        1.9            1.85e-39           7.50e-40
         8.5        2.1            1.46e-39           5.80e-40
         8.5        2.9           -8.80e-40           5.30e-40
         9.5        0.1            1.43e-38           6.10e-39
         9.5        0.3           -2.14e-40           1.08e-39
         9.5        0.5            3.59e-39           1.45e-39
         9.5        0.7            4.03e-39           9.40e-40
         9.5        0.9            4.37e-39           1.35e-39
         9.5        1.1           -5.00e-41           6.20e-40
         9.5        1.3            2.53e-39           9.20e-40
         9.5        1.5            4.74e-40           3.50e-40
         9.5        1.9            3.01e-40           3.70e-40
         9.5        2.1            7.41e-40           4.30e-40
         9.5        2.3            1.02e-38           3.90e-39
        10.5        0.1            6.18e-39           2.12e-39
        10.5        0.3            8.54e-40           8.80e-40
        10.5        0.5            7.86e-40           4.20e-40
        10.5        0.7            4.70e-40           3.30e-40
        10.5        0.9            2.70e-40           2.70e-40
        10.5        1.1            6.02e-40           4.20e-40
        10.5        1.3           -2.92e-41           3.10e-40
        10.5        1.5            7.19e-40           3.60e-40
        10.5        1.9            1.52e-40           4.60e-40
