        1.10      0.04984000      0.00130000      0.00240000
        4.00      0.08374815      0.00120000      0.00190000
        6.20      0.06363382      0.00110000      0.00140000
        8.70      0.04168811      0.00090000      0.00110000
       11.30      0.03067022      0.00080000      0.00080000
       13.70      0.02453401      0.00070000      0.00060000
       16.20      0.01704478      0.00060000      0.00050000
       18.70      0.01391918      0.00050000      0.00050000
       21.30      0.01044090      0.00040000      0.00030000
       23.70      0.00918763      0.00040000      0.00020000
       26.40      0.00711326      0.00030000      0.00020000
       28.50      0.00566613      0.00030000      0.00010000
       34.60      0.00397357      0.00010000      0.00010000
       44.60      0.00210067      0.00007000      0.00006000
       54.60      0.00116105      0.00005000      0.00003000
       64.60      0.00064875      0.00004000      0.00002000
       73.40      0.00035983      0.00003000      0.00002000
       85.40      0.00026890      0.00002000      0.00001000
       95.10      0.00015871      0.00001700      0.00000800
      117.50      0.00006563      0.00000500      0.00000300
      157.50      0.00001270      0.00000200      0.00000070
      195.50      0.00000351      0.00000100      0.00000030
      245.50      0.00000151      0.00000061      0.00000006
