        0.25       3.401750       0.168000       0.035000
        0.75      10.457730       0.270000       0.100000
        1.25      15.577966       0.330000       0.150000
        1.75      18.705629       0.370000       0.190000
        2.25      21.255131       0.390000       0.210000
        2.75      22.916975       0.400000       0.230000
        3.25      21.688370       0.390000       0.220000
        3.75      22.172176       0.390000       0.220000
        4.25      20.219364       0.370000       0.210000
        4.75      19.674435       0.360000       0.200000
        5.25      18.995548       0.350000       0.190000
        5.75      17.489704       0.340000       0.170000
        6.25      15.816128       0.320000       0.160000
        6.75      14.682503       0.310000       0.150000
        7.25      14.086607       0.300000       0.140000
        7.75      12.475948       0.300000       0.130000
        8.25      11.321630       0.280000       0.120000
        8.75      11.366468       0.270000       0.110000
        9.25      10.310547       0.260000       0.110000
        9.75      10.521487       0.270000       0.110000
       10.25       9.253084       0.244000       0.094000
       10.75       8.414621       0.231000       0.084000
       11.25       8.648122       0.239000       0.085000
       11.75       7.710022       0.229000       0.079000
       12.25       7.228555       0.227000       0.076000
       12.75       7.217909       0.215000       0.069000
       13.25       6.190789       0.208000       0.065000
       13.75       6.414197       0.208000       0.064000
       14.25       5.990839       0.204000       0.060000
       14.75       5.478231       0.190000       0.055000
       15.25       5.283109       0.190000       0.053000
       15.75       4.680919       0.181000       0.049000
       16.25       4.446368       0.172000       0.045000
       16.75       3.924267       0.165000       0.042000
       17.25       4.530784       0.179000       0.044000
       17.75       3.602232       0.166000       0.040000
       18.25       3.658786       0.163000       0.038000
       18.75       3.695686       0.167000       0.038000
       19.25       3.735059       0.163000       0.036000
       19.75       3.109209       0.154000       0.034000
       20.25       2.694069       0.142000       0.030000
       20.75       3.190950       0.143000       0.030000
       21.25       2.732564       0.144000       0.030000
       21.75       2.891969       0.134000       0.027000
       22.25       2.575027       0.139000       0.027000
       22.75       2.638778       0.140000       0.026000
       23.25       2.384465       0.139000       0.026000
       23.75       2.233217       0.124000       0.022000
       24.25       1.899726       0.113000       0.020000
       24.75       2.467738       0.129000       0.022000
       25.50       2.015624       0.085000       0.021000
       26.50       1.772197       0.076000       0.018000
       27.50       1.664626       0.075000       0.016000
       28.50       1.655504       0.077000       0.016000
       29.50       1.373990       0.069000       0.014000
       31.00       1.341250       0.045000       0.013000
       33.00       0.988852       0.039000       0.010000
       35.00       0.842341       0.036100       0.008800
       37.00       0.852327       0.035200       0.007900
       39.00       0.707197       0.033600       0.007000
       42.00       0.569564       0.019300       0.005500
       46.00       0.473561       0.017900       0.004400
       50.00       0.383135       0.015600       0.003300
       54.00       0.258533       0.013600       0.002500
       58.00       0.239310       0.012800       0.002000
       62.50       0.155439       0.008900       0.001400
       67.50       0.142837       0.008400       0.001100
       72.50       0.120996       0.007800       0.000900
       77.50       0.066563       0.006780       0.000680
       82.50       0.062265       0.005650       0.000490
       87.50       0.040903       0.005040       0.000380
       92.50       0.036239       0.004220       0.000280
       97.50       0.036120       0.003890       0.000230
      105.00       0.022986       0.002270       0.000160
      115.00       0.011213       0.001780       0.000100
      125.00       0.009797       0.001389       0.000064
      135.00       0.008908       0.001496       0.000055
      145.00       0.005091       0.001174       0.000034
      162.50       0.002102       0.000331       0.000012
      187.50       0.000764       0.000148       0.000003
      225.00       0.000475       0.000102       0.000002
      300.00       0.000102       0.000116       0.000001
