        1.10         3.592           0.082         0.1834
        2.80         6.420           0.08          0.1664
        4.00         6.340           0.078         0.1491
        5.20         5.894           0.075         0.1392
        6.50         5.270           0.078         0.1340
        7.95         4.542           0.076         0.1281
        9.60         3.750           0.075         0.1281
       11.65         3.132           0.078         0.1388
       14.10         2.411           0.073         0.1154
       17.20         1.815           0.072         0.1245
       21.75         1.264           0.071         0.1316
       29.25         0.737           0.069         0.1303
       48.50         0.262           0.07          0.1438
      166.50         0.010           0.037         0.0433
