         5.5        0.1            1.98e-36           1.20e-37
         5.5        0.3            3.67e-36           8.00e-38
         5.5        0.5            2.41e-36           7.00e-38
         5.5        0.7            1.12e-36           7.00e-38
         5.5        0.9            1.21e-36           6.00e-38
         5.5        1.1            1.16e-36           6.00e-38
         5.5        1.3            3.99e-37           4.80e-38
         5.5        1.5            5.29e-37           4.30e-38
         5.5        1.7            3.48e-37           3.70e-38
         5.5        1.9            2.78e-37           3.20e-38
         5.5        2.1            1.95e-37           2.40e-38
         5.5        2.3            1.29e-37           2.10e-38
         5.5        2.5            8.45e-38           1.90e-38
         5.5        2.7            4.91e-38           1.50e-38
         5.5        2.9            7.32e-38           1.40e-38
         5.5        3.1           -1.59e-38           1.30e-38
         5.5        3.5            1.74e-39           1.30e-38
         5.5        3.7            1.87e-38           1.00e-38
         5.5        4.5            2.50e-38           2.80e-38
         6.5        0.1            1.29e-36           3.00e-38
         6.5        0.3            1.16e-36           1.80e-38
         6.5        0.5            1.00e-36           1.60e-38
         6.5        0.7            9.37e-37           1.40e-38
         6.5        0.9            5.51e-37           1.40e-38
         6.5        1.1            3.31e-37           1.20e-38
         6.5        1.3            4.70e-37           1.10e-38
         6.5        1.5            1.61e-37           9.00e-39
         6.5        1.7            1.88e-37           7.00e-39
         6.5        1.9            9.88e-38           6.00e-39
         6.5        2.1            7.03e-38           5.00e-39
         6.5        2.3            5.65e-38           4.00e-39
         6.5        2.5            2.09e-38           3.00e-39
         6.5        2.7            2.05e-38           3.00e-39
         6.5        2.9            7.92e-39           3.00e-39
         6.5        3.1            8.47e-39           2.10e-39
         6.5        3.3            1.62e-39           1.90e-39
         6.5        3.5            2.90e-39           1.20e-39
         6.5        3.7            2.53e-39           1.50e-39
         6.5        3.9            1.31e-39           9.00e-40
         6.5        4.1           -1.33e-40           5.00e-40
         6.5        4.3           -1.49e-40           1.00e-39
         6.5        4.5            1.34e-39           1.50e-39
         6.5        4.9           -1.46e-41           1.20e-39
         7.5        0.1            5.87e-37           1.60e-38
         7.5        0.3            3.23e-37           9.00e-39
         7.5        0.5            3.56e-37           8.00e-39
         7.5        0.7            2.15e-37           7.00e-39
         7.5        0.9            2.36e-37           7.00e-39
         7.5        1.1            1.52e-37           6.00e-39
         7.5        1.3            1.95e-37           5.00e-39
         7.5        1.5            8.19e-38           4.00e-39
         7.5        1.7            6.15e-38           3.00e-39
         7.5        1.9            5.20e-38           3.00e-39
         7.5        2.1            3.05e-38           2.00e-39
         7.5        2.3            1.95e-38           2.00e-39
         7.5        2.5            1.89e-38           2.00e-39
         7.5        2.7            6.79e-39           1.20e-39
         7.5        2.9            4.11e-39           1.10e-39
         7.5        3.1            4.60e-39           7.00e-40
         7.5        3.3            1.11e-39           4.00e-40
         7.5        3.5            2.82e-39           7.00e-40
         7.5        3.7            2.85e-39           7.00e-40
         7.5        3.9            1.86e-39           4.70e-40
         7.5        4.1           -9.08e-41           2.70e-40
         7.5        4.3            4.30e-40           2.60e-40
         7.5        4.5           -6.25e-41           4.80e-40
         7.5        4.7            9.98e-40           4.00e-40
         8.5        0.1            2.18e-37           9.00e-39
         8.5        0.3            4.80e-38           5.00e-39
         8.5        0.5            1.15e-37           4.00e-39
         8.5        0.7            6.21e-38           4.00e-39
         8.5        0.9            7.50e-38           3.00e-39
         8.5        1.1            8.87e-38           3.00e-39
         8.5        1.3            4.70e-38           2.00e-39
         8.5        1.5            2.07e-38           2.00e-39
         8.5        1.7            2.49e-38           2.00e-39
         8.5        1.9            1.86e-38           1.20e-39
         8.5        2.1            9.02e-39           1.10e-39
         8.5        2.3            8.66e-39           9.00e-40
         8.5        2.5            5.82e-39           7.00e-40
         8.5        2.7            5.21e-39           6.00e-40
         8.5        2.9            1.37e-39           4.00e-40
         8.5        3.1            1.19e-39           3.60e-40
         8.5        3.3            9.99e-40           3.20e-40
         8.5        3.5            2.67e-40           1.80e-40
         8.5        3.7            5.54e-40           2.80e-40
         8.5        4.7           -1.41e-41           1.50e-40
         9.5        0.1            1.46e-37           8.00e-39
         9.5        0.3            9.05e-38           5.00e-39
         9.5        0.5            9.70e-38           4.00e-39
         9.5        0.7            1.15e-37           3.00e-39
         9.5        0.9            6.78e-38           3.00e-39
         9.5        1.1            5.42e-38           2.00e-39
         9.5        1.3            4.61e-38           2.00e-39
         9.5        1.5            3.25e-38           2.00e-39
         9.5        1.7            2.28e-38           2.00e-39
         9.5        1.9            1.86e-38           1.20e-39
         9.5        2.1            8.01e-39           1.10e-39
         9.5        2.3            7.04e-39           9.00e-40
         9.5        2.5            4.18e-39           7.00e-40
         9.5        2.7            2.38e-39           6.00e-40
         9.5        2.9            3.59e-39           5.00e-40
         9.5        3.1            9.21e-40           3.60e-40
         9.5        3.3            1.88e-39           3.60e-40
         9.5        3.5            6.12e-40           3.20e-40
         9.5        3.7            8.54e-40           2.50e-40
         9.5        3.9            2.42e-40           2.00e-40
         9.5        4.1            8.36e-40           2.10e-40
         9.5        4.3            2.14e-40           1.50e-40
         9.5        4.5            3.41e-40           1.90e-40
        10.5        0.1            4.85e-38           4.20e-39
        10.5        0.3            4.98e-38           2.50e-39
        10.5        0.5            4.27e-38           1.90e-39
        10.5        0.7            2.65e-38           1.60e-39
        10.5        0.9            1.76e-38           1.40e-39
        10.5        1.1            2.30e-38           1.30e-39
        10.5        1.3            1.19e-38           1.00e-39
        10.5        1.5            1.03e-38           8.00e-40
        10.5        1.7            5.43e-39           6.00e-40
        10.5        1.9            3.44e-39           6.00e-40
        10.5        2.1            3.67e-39           5.00e-40
        10.5        2.3            2.88e-39           4.00e-40
        10.5        2.5            1.58e-39           3.00e-40
        10.5        2.7            9.85e-40           3.00e-40
        10.5        2.9            1.12e-39           3.00e-40
        10.5        3.1            1.56e-40           1.40e-40
        10.5        3.3            6.83e-40           2.20e-40
        10.5        3.5            5.41e-40           1.60e-40
        10.5        3.7            5.44e-41           6.00e-41
        10.5        4.1            8.44e-41           8.00e-41
        10.5        4.3            1.51e-40           1.60e-40
        10.5        4.5            7.85e-41           7.00e-41
        11.5        0.1            1.25e-38           2.14e-39
        11.5        0.3            7.58e-39           9.70e-40
        11.5        0.5            9.42e-39           8.60e-40
        11.5        0.7            7.48e-39           6.00e-40
        11.5        0.9            3.81e-39           4.70e-40
        11.5        1.1            2.51e-39           4.30e-40
        11.5        1.3            3.48e-39           4.00e-40
        11.5        1.5            3.18e-39           3.70e-40
        11.5        1.7            9.90e-40           2.50e-40
        11.5        1.9            7.44e-40           2.20e-40
        11.5        2.1            7.00e-40           1.60e-40
        11.5        2.3            1.91e-40           1.30e-40
        11.5        2.5            4.13e-40           1.20e-40
        11.5        2.7            1.37e-40           1.00e-40
        11.5        2.9            3.42e-40           1.10e-40
        11.5        3.1            1.08e-40           5.00e-41
        11.5        3.3           -5.69e-41           4.90e-41
        11.5        3.5            5.07e-41           4.60e-41
        12.5        0.1            2.20e-39           8.50e-40
        12.5        0.3            2.43e-39           5.40e-40
        12.5        0.5            9.56e-40           3.50e-40
        12.5        0.7            3.27e-39           3.40e-40
        12.5        0.9            1.40e-39           2.70e-40
        12.5        1.1            1.48e-39           2.40e-40
        12.5        1.3            6.72e-40           2.00e-40
        12.5        1.5            1.12e-39           1.80e-40
        12.5        1.7            7.42e-40           1.40e-40
        12.5        1.9            2.41e-40           8.00e-41
        12.5        2.1            5.33e-40           1.00e-40
        12.5        2.3            2.54e-41           8.00e-41
        12.5        2.7            1.91e-40           7.00e-41
        12.5        2.9            5.34e-41           3.70e-41
        12.5        3.1            5.36e-41           3.90e-41
        13.5        0.1            9.73e-40           5.10e-40
        13.5        0.3            7.02e-40           2.30e-40
        13.5        0.5            9.77e-40           2.00e-40
        13.5        0.7            9.00e-40           2.10e-40
        13.5        0.9            4.16e-40           1.30e-40
        13.5        1.1            2.24e-40           1.10e-40
        13.5        1.3            4.06e-40           1.00e-40
        13.5        1.5            2.02e-40           8.00e-41
        13.5        1.7            3.59e-41           5.00e-41
        13.5        1.9            1.33e-42           7.00e-41
        13.5        2.3            1.04e-40           4.10e-41
        13.5        2.5            3.76e-41           3.00e-41
