         7.5        0.1            5.82e-37           1.15e-37
         7.5        0.3            1.20e-36           8.60e-38
         7.5        0.5            8.51e-37           6.20e-38
         7.5        0.7            5.60e-37           5.70e-38
         7.5        0.9            4.99e-37           4.20e-38
         7.5        1.1            5.30e-37           4.50e-38
         7.5        1.3            2.48e-37           3.90e-38
         7.5        1.5            2.88e-37           3.80e-38
         7.5        1.7            1.83e-37           3.70e-38
         7.5        1.9            1.18e-37           3.10e-38
         7.5        2.1            1.65e-37           4.30e-38
         8.5        0.1            3.62e-37           2.50e-38
         8.5        0.3            4.75e-37           2.00e-38
         8.5        0.5            3.68e-37           1.40e-38
         8.5        0.7            4.30e-37           1.40e-38
         8.5        0.9            1.86e-37           1.00e-38
         8.5        1.1            1.66e-37           9.00e-39
         8.5        1.3            2.04e-37           9.00e-39
         8.5        1.5            1.30e-37           8.00e-39
         8.5        1.7            1.02e-37           6.80e-39
         8.5        1.9            8.16e-38           7.00e-39
         8.5        2.1            5.29e-38           6.30e-39
         8.5        2.3            3.60e-38           5.40e-39
         8.5        2.5            1.99e-38           5.20e-39
         8.5        2.7            1.21e-38           5.70e-39
        11.0        0.1            9.27e-38           8.40e-39
        11.0        0.3            6.53e-38           5.50e-39
        11.0        0.5            8.14e-38           4.10e-39
        11.0        0.7            6.71e-38           3.30e-39
        11.0        0.9            5.49e-38           2.60e-39
        11.0        1.1            4.21e-38           2.10e-39
        11.0        1.3            2.82e-38           1.80e-39
        11.0        1.5            2.37e-38           1.50e-39
        11.0        1.7            1.15e-38           1.00e-39
        11.0        1.9            1.54e-38           1.10e-39
        11.0        2.1            4.59e-39           7.20e-40
        11.0        2.3            4.43e-39           6.10e-40
        11.0        2.5            4.28e-39           6.20e-40
        11.0        2.7            3.99e-39           5.90e-40
        11.0        2.9            1.43e-39           4.90e-40
        11.0        3.1            5.73e-40           5.20e-40
        12.5        0.1            6.90e-38           6.40e-39
        12.5        0.3            5.68e-38           4.80e-39
        12.5        0.5            8.67e-38           3.90e-39
        12.5        0.7            4.65e-38           2.60e-39
        12.5        0.9            4.40e-38           2.20e-39
        12.5        1.1            2.75e-38           1.80e-39
        12.5        1.3            2.58e-38           1.50e-39
        12.5        1.5            1.81e-38           1.20e-39
        12.5        1.7            1.87e-38           1.00e-39
        12.5        1.9            8.38e-39           7.30e-40
        12.5        2.1            7.35e-39           6.40e-40
        12.5        2.3            4.75e-39           5.50e-40
        12.5        2.5            3.69e-39           4.80e-40
        12.5        2.7            2.56e-39           4.20e-40
        12.5        2.9            2.15e-39           3.30e-40
        12.5        3.1            1.07e-39           2.80e-40
        12.5        3.3            7.91e-40           3.00e-40
        12.5        3.5            1.06e-39           2.43e-40
        15.8        0.1            2.41e-38           5.50e-39
        15.8        0.3            2.25e-38           2.90e-39
        15.8        0.5            2.14e-38           2.10e-39
        15.8        0.7            2.25e-38           1.70e-39
        15.8        0.9            7.38e-39           1.16e-39
        15.8        1.1            1.19e-38           1.10e-39
        15.8        1.3            6.87e-39           8.80e-40
        15.8        1.5            7.20e-39           7.00e-40
        15.8        1.7            4.58e-39           5.10e-40
        15.8        1.9            7.45e-40           3.60e-40
        15.8        2.1            1.90e-39           3.70e-40
        15.8        2.3            7.34e-40           2.90e-40
        15.8        2.5            1.22e-39           2.90e-40
        15.8        2.7            9.38e-40           1.91e-40
        15.8        2.9            4.36e-40           1.66e-40
