        0.50         5.3876         0.5300
        1.50        17.4594         0.9600
        2.50        20.6062         1.1000
        3.50        17.6785         1.1000
        4.50        15.5252         0.9200
        5.50        14.9377         0.8700
        6.50        12.4273         0.8400
        7.50        10.8101         0.7300
        8.50         9.3664         0.6900
        9.50         8.9718         0.6700
       11.00         7.5694         0.5400
       13.00         5.6812         0.4400
       15.00         4.6529         0.3900
       17.00         3.5424         0.3300
       19.00         3.5346         0.3100
       22.50         1.7330         0.1800
       27.50         1.0731         0.1300
       32.50         1.0550         0.1100
       37.50         0.8331         0.1000
       45.00         0.4164         0.0450
       55.00         0.2799         0.0360
       65.00         0.1761         0.0270
       77.50         0.0686         0.0120
       92.50         0.0314         0.0090
      150.00         0.0037         0.0013
      250.00         0.0011         0.0004
