        1.10      2.934             0.105             0.0355
        2.80      5.433             0.106             0.0416
        4.00      5.174             0.102             0.0663
        5.20      4.890             0.099             0.0587
        6.50      4.106             0.098             0.0387
        7.96      3.738             0.098             0.0210
        9.60      3.132             0.098             0.0172
       11.65      2.402             0.096             0.0203
       14.10      1.984             0.092             0.0165
       17.20      1.379             0.087             0.0139
       21.75      1.003             0.088             0.0168
       29.25      0.575             0.085             0.0179
       48.50      0.200             0.085             0.0209
      166.50      1.516             0.007             0.0030    
