         4.5        0.1            6.29e-36           4.20e-37
         4.5        0.3            1.02e-35           3.00e-37
         4.5        0.5            6.92e-36           3.00e-37
         4.5        0.7            2.96e-36           3.00e-37
         4.5        0.9            3.17e-36           2.70e-37
         4.5        1.1            2.68e-36           2.30e-37
         4.5        1.3            8.47e-37           2.00e-37
         4.5        1.5            1.40e-36           2.00e-37
         4.5        1.7            5.99e-37           1.55e-37
         4.5        1.9            4.15e-37           1.36e-37
         4.5        2.1            4.81e-37           1.02e-37
         4.5        2.3            2.40e-37           8.40e-38
         4.5        2.5            1.11e-37           1.01e-37
         4.5        2.7            2.13e-37           1.94e-37
         4.5        2.9           -2.02e-38           1.08e-37
         5.5        0.1            1.37e-36           1.60e-37
         5.5        0.3            1.33e-36           1.00e-37
         5.5        0.5            2.52e-36           1.00e-37
         5.5        0.7            1.79e-36           1.10e-37
         5.5        0.9            1.41e-36           8.00e-38
         5.5        1.1            1.06e-36           7.30e-38
         5.5        1.3            7.18e-37           6.10e-38
         5.5        1.5            5.20e-37           4.20e-38
         5.5        1.7            2.38e-37           3.80e-38
         5.5        1.9            8.47e-38           2.50e-38
         5.5        2.1            1.60e-37           2.20e-38
         5.5        2.3            4.84e-38           2.30e-38
         5.5        2.5            4.56e-38           1.30e-38
         5.5        2.7            1.99e-38           1.20e-38
         5.5        2.9            1.34e-38           1.15e-38
         5.5        3.1            1.03e-38           9.60e-39
         5.5        3.9            4.89e-39           1.38e-38
         6.5        0.1            8.68e-37           7.00e-38
         6.5        0.3            5.18e-37           4.30e-38
         6.5        0.5            8.23e-37           3.50e-38
         6.5        0.7            2.72e-37           3.30e-38
         6.5        0.9            3.51e-37           3.00e-38
         6.5        1.1            2.61e-37           2.40e-38
         6.5        1.3            2.32e-37           1.90e-38
         6.5        1.5            1.21e-37           2.00e-38
         6.5        1.7            5.52e-38           1.40e-38
         6.5        1.9            1.13e-37           1.30e-38
         6.5        2.1            2.68e-38           9.90e-39
         6.5        2.3            4.04e-38           6.80e-39
         6.5        2.5            1.62e-38           6.50e-39
         6.5        2.7            9.43e-39           4.00e-39
         6.5        2.9            5.69e-39           5.00e-39
         6.5        3.1            2.42e-39           1.90e-39
         6.5        3.3            1.30e-39           2.30e-39
         6.5        3.7            9.38e-39           2.90e-39
         6.5        4.1            1.37e-39           1.70e-39
         6.5        4.5            2.51e-39           1.70e-39
         7.5        0.1            3.20e-37           3.90e-38
         7.5        0.3            2.87e-37           2.20e-38
         7.5        0.5            2.31e-37           1.90e-38
         7.5        0.7            2.60e-37           1.60e-38
         7.5        0.9            1.29e-37           1.40e-38
         7.5        1.1            8.21e-38           1.20e-38
         7.5        1.3            1.12e-37           9.80e-39
         7.5        1.5            3.81e-38           7.20e-39
         7.5        1.7            5.28e-38           8.20e-39
         7.5        1.9            2.42e-38           4.90e-39
         7.5        2.1            4.02e-38           6.00e-39
         7.5        2.3            5.42e-39           4.10e-39
         7.5        2.5            7.10e-39           2.70e-39
         7.5        2.9            3.00e-40           1.10e-39
         7.5        3.1            2.45e-39           1.20e-39
         8.5        0.1            1.42e-37           2.00e-38
         8.5        0.3            1.66e-38           1.10e-38
         8.5        0.5            6.58e-38           9.00e-39
         8.5        0.7            3.71e-38           9.00e-39
         8.5        0.9            4.73e-38           7.00e-39
         8.5        1.1            7.64e-38           8.00e-39
         8.5        1.3            3.20e-38           6.00e-39
         8.5        1.5            6.93e-39           4.00e-39
         8.5        1.7            1.15e-38           3.40e-39
         8.5        1.9            2.79e-39           1.30e-39
         8.5        2.1            6.37e-39           3.00e-39
         8.5        2.3            2.52e-39           1.20e-39
         8.5        2.5            2.34e-39           8.90e-40
         8.5        3.1            2.93e-39           1.00e-39
         9.5        0.1            7.85e-38           2.10e-38
         9.5        0.3            8.23e-38           1.00e-38
         9.5        0.5            7.41e-38           8.00e-39
         9.5        0.7            6.97e-38           9.00e-39
         9.5        0.9            4.66e-38           7.00e-39
         9.5        1.1            3.44e-38           7.70e-39
         9.5        1.3            3.91e-38           5.60e-39
         9.5        1.5            1.12e-38           4.00e-39
         9.5        1.7            7.92e-39           3.30e-39
         9.5        1.9            3.47e-39           1.30e-39
         9.5        2.1            4.97e-39           2.90e-39
         9.5        2.3            1.95e-39           1.12e-39
         9.5        2.5            1.00e-39           8.40e-40
         9.5        3.1            8.98e-40           9.80e-40
        10.5        0.1            1.85e-38           7.20e-39
        10.5        0.3            2.17e-38           4.00e-39
        10.5        0.5            6.95e-39           2.60e-39
        10.5        0.7            8.91e-39           2.20e-39
        10.5        0.9            4.81e-38           1.60e-39
        10.5        1.1            2.79e-39           1.70e-39
        10.5        1.3            3.14e-39           9.00e-40
        10.5        1.5            1.90e-39           1.20e-39
        10.5        1.7            6.41e-39           1.40e-39
        10.5        1.9            1.55e-40           5.30e-40
        10.5        2.1            6.98e-40           4.70e-40
        10.5        2.7            3.92e-41           3.70e-40
        10.5        2.9            1.04e-39           4.40e-40
        11.5        0.1            2.78e-39           2.72e-39
        11.5        0.3            6.40e-40           7.90e-40
        11.5        0.5            1.92e-39           7.20e-40
        11.5        0.7            1.78e-39           5.80e-40
        11.5        0.9            1.32e-39           4.80e-40
        11.5        1.1            1.26e-39           6.00e-40
        11.5        1.3            6.69e-42           2.60e-40
        11.5        1.5            7.82e-40           3.80e-40
        11.5        1.7            2.51e-40           3.50e-40
        11.5        2.3            5.91e-40           3.00e-40
