        0.25       2.685256       0.540000
        0.75      11.411912       1.000000
        1.25      15.024994       1.200000
        1.75      16.827187       1.400000
        2.25      19.173199       1.400000
        2.75      23.492638       1.500000
        3.25      20.812237       1.400000
        3.75      22.444016       1.400000
        4.25      18.706350       1.300000
        4.75      18.730148       1.200000
        5.25      18.609756       1.200000
        5.75      18.630424       1.200000
        6.25      15.120242       1.000000
        6.75      14.507265       1.000000
        7.25      14.546964       1.000000
        7.75      11.883083       1.000000
        8.25      10.398076       0.900000
        8.75      11.160843       0.900000
        9.25      11.037984       0.900000
        9.75      10.351707       0.820000
       10.25       8.960614       0.760000
       10.75       8.180130       0.740000
       11.25       9.166073       0.760000
       11.75       7.272011       0.720000
       12.50       6.686509       0.530000
       13.50       6.838692       0.470000
       14.50       4.315691       0.410000
       15.50       5.602636       0.440000
       16.50       4.649689       0.400000
       17.50       4.507200       0.390000
       18.50       3.682308       0.350000
       19.50       2.814513       0.330000
       21.00       2.649016       0.220000
       23.00       1.582412       0.180000
       25.00       2.030445       0.180000
       27.00       1.252679       0.170000
       29.00       1.316112       0.160000
       32.00       0.986535       0.100000
       36.00       0.748543       0.079000
       40.00       0.550612       0.076000
       44.00       0.323815       0.062000
       48.00       0.502197       0.059000
       55.00       0.183487       0.027000
       65.00       0.147166       0.019000
       75.00       0.084947       0.017500
       85.00       0.049179       0.012200
       95.00       0.025147       0.010700
      112.50       0.019366       0.004800
      137.50       0.005861       0.002970
      175.00       0.002642       0.000756
