   0  2.824110e-01  1.873054e-02  2.668133e-02  1.250269e+00  3.752505e-02  1.489809e-01  1.041925e-01
   1  7.210793e-01  2.359329e-02  3.316289e-02  1.250269e+00  3.752505e-02  1.504140e-01  2.112027e-01
   2  7.743183e-01  2.271189e-02  3.783569e-02  1.250269e+00  3.752505e-02  1.496407e-01  3.165891e-01
   3  5.947425e-01  2.421892e-02  3.193769e-02  1.250269e+00  3.752505e-02  1.480272e-01  4.154507e-01
   4  4.034601e-01  2.054772e-02  1.800103e-02  1.250269e+00  3.752505e-02  1.542267e-01  5.577426e-01
   5  2.354059e-01  2.356075e-02  7.480734e-03  1.250269e+00  3.752505e-02  1.599041e-01  7.505442e-01
   6 -2.900592e-02  1.995079e-02  1.362128e-03  1.250269e+00  3.752505e-02  1.418699e-01  8.875685e-01
   7  1.839510e-01  1.851999e-02  6.565161e-03  1.250269e+00  3.752505e-02  2.236557e-01  9.881244e-02
   8  3.693319e-01  2.562604e-02  1.111152e-02  1.250269e+00  3.752505e-02  2.282167e-01  2.088893e-01
   9  4.373867e-01  2.371519e-02  1.055709e-02  1.250269e+00  3.752505e-02  2.300192e-01  3.096100e-01
  10  3.302444e-01  1.865395e-02  6.552094e-03  1.250269e+00  3.752505e-02  2.284472e-01  4.082691e-01
  11  2.601352e-01  1.353694e-02  4.411067e-03  1.250269e+00  3.752505e-02  2.331443e-01  5.417172e-01
  12  1.363008e-01  9.238258e-03  2.098917e-03  1.250269e+00  3.752505e-02  2.328371e-01  7.169375e-01
  13  4.013976e-02  6.559597e-03  8.991526e-04  1.250269e+00  3.752505e-02  2.623006e-01  1.077359e+00
  14  1.232202e-01  1.525390e-02  3.128193e-03  1.250269e+00  3.752505e-02  2.759312e-01  9.772589e-02
  15  2.015864e-01  2.096124e-02  9.502494e-03  1.250269e+00  3.752505e-02  2.808698e-01  2.091776e-01
  16  2.715752e-01  2.120987e-02  1.142945e-02  1.250269e+00  3.752505e-02  2.822622e-01  3.096852e-01
  17  2.917385e-01  1.733194e-02  7.498090e-03  1.250269e+00  3.752505e-02  2.804761e-01  4.106082e-01
  18  2.446899e-01  1.221014e-02  7.851475e-03  1.250269e+00  3.752505e-02  2.825604e-01  5.349337e-01
  19  1.424756e-01  7.911396e-03  4.019296e-03  1.250269e+00  3.752505e-02  2.849114e-01  7.114554e-01
  20  4.153677e-02  3.786655e-03  1.179885e-03  1.250269e+00  3.752505e-02  2.770301e-01  9.426606e-01
  21  7.325473e-02  8.544672e-03  2.323634e-03  1.250269e+00  3.752505e-02  3.328868e-01  1.003746e-01
  22  1.862846e-01  1.345867e-02  6.475252e-03  1.250269e+00  3.752505e-02  3.419449e-01  2.063046e-01
  23  2.068362e-01  1.310887e-02  6.805642e-03  1.250269e+00  3.752505e-02  3.353224e-01  2.985155e-01
  24  2.029272e-01  1.295357e-02  7.460336e-03  1.250269e+00  3.752505e-02  3.399532e-01  4.035981e-01
  25  1.832968e-01  8.353907e-03  5.834019e-03  1.250269e+00  3.752505e-02  3.480166e-01  5.416212e-01
  26  8.703282e-02  5.305848e-03  3.165457e-03  1.250269e+00  3.752505e-02  3.481643e-01  7.158993e-01
  27  2.542731e-02  1.919072e-03  8.403879e-04  1.250269e+00  3.752505e-02  3.439092e-01  9.676409e-01
  28  4.125541e-02  5.319334e-03  1.326686e-03  1.250269e+00  3.752505e-02  4.216435e-01  1.000444e-01
  29  8.232984e-02  8.020126e-03  2.567469e-03  1.250269e+00  3.752505e-02  4.166388e-01  2.007769e-01
  30  1.125366e-01  9.097899e-03  3.383983e-03  1.250269e+00  3.752505e-02  4.260041e-01  3.085916e-01
  31  1.295940e-01  9.595731e-03  3.866927e-03  1.250269e+00  3.752505e-02  4.224269e-01  4.013854e-01
  32  1.115047e-01  6.646688e-03  3.232225e-03  1.250269e+00  3.752505e-02  4.304815e-01  5.346523e-01
  33  6.707513e-02  4.141047e-03  1.800789e-03  1.250269e+00  3.752505e-02  4.305908e-01  6.997505e-01
  34  2.098206e-02  1.330483e-03  5.666436e-04  1.250269e+00  3.752505e-02  4.337363e-01  9.708970e-01
  35  1.185786e-02  3.322151e-03  6.207192e-04  1.250269e+00  3.752505e-02  5.317823e-01  1.037653e-01
  36  5.288872e-02  6.147647e-03  1.878378e-03  1.250269e+00  3.752505e-02  5.288493e-01  2.076477e-01
  37  4.713877e-02  5.362756e-03  1.579134e-03  1.250269e+00  3.752505e-02  5.346342e-01  3.027911e-01
  38  6.841844e-02  6.010109e-03  1.655056e-03  1.250269e+00  3.752505e-02  5.293852e-01  3.986094e-01
  39  4.983772e-02  4.523727e-03  8.370869e-03  1.250269e+00  3.752505e-02  5.373084e-01  5.271861e-01
  40  3.413972e-02  3.048713e-03  6.327682e-03  1.250269e+00  3.752505e-02  5.365503e-01  7.005282e-01
  41  2.031980e-02  1.076104e-03  2.157060e-03  1.250269e+00  3.752505e-02  5.423038e-01  9.761603e-01
  42  1.680632e-03  1.442359e-03  4.312794e-04  1.250269e+00  3.752505e-02  7.102279e-01  1.215064e-01
  43  3.269207e-02  3.708926e-03  3.100267e-03  1.250392e+00  3.752366e-02  6.729080e-01  2.058382e-01
  44  2.129653e-02  3.380074e-03  3.141331e-03  1.250269e+00  3.752505e-02  6.809665e-01  2.977421e-01
  45  2.419145e-02  3.364531e-03  3.124029e-03  1.250269e+00  3.752505e-02  6.762299e-01  4.009406e-01
  46  1.712352e-02  2.071044e-03  2.818461e-03  1.250269e+00  3.752505e-02  6.760484e-01  5.222707e-01
  47  1.599116e-02  1.533232e-03  2.111027e-03  1.250269e+00  3.752505e-02  6.822438e-01  6.868061e-01
  48  7.869538e-03  7.143237e-04  1.163148e-03  1.250269e+00  3.752505e-02  6.889000e-01  9.364015e-01
  49  1.371745e-03  6.144281e-04  2.210737e-06  1.249131e+00  3.755618e-02  9.049477e-01  7.539602e-02
  50  1.769519e-03  1.165421e-03  2.860803e-04  1.250269e+00  3.752505e-02  8.544902e-01  2.220480e-01
  51  7.767300e-03  2.291886e-03  1.044213e-03  1.250392e+00  3.752366e-02  8.932270e-01  2.990508e-01
  52  4.283565e-03  1.373736e-03  5.507491e-04  1.250269e+00  3.752505e-02  8.539332e-01  4.046259e-01
  53  3.625690e-03  9.907156e-04  4.259485e-04  1.250269e+00  3.752505e-02  8.391257e-01  5.400867e-01
  54  8.182415e-04  3.777190e-04  1.199487e-04  1.250269e+00  3.752505e-02  8.324098e-01  6.435449e-01
  55  1.597942e-03  3.364446e-04  1.571122e-04  1.250269e+00  3.752505e-02  8.263586e-01  9.254630e-01
  56  2.679305e-01  1.528313e-02  4.107672e-02  1.517162e+00  6.102772e-02  1.495067e-01  1.010467e-01
  57  5.039168e-01  2.263183e-02  8.428610e-02  1.517162e+00  6.102772e-02  1.456158e-01  2.069715e-01
  58  8.117745e-01  2.292567e-02  9.448071e-02  1.517162e+00  6.102772e-02  1.466865e-01  3.093586e-01
  59  6.097687e-01  2.473331e-02  8.647226e-02  1.517162e+00  6.102772e-02  1.447976e-01  4.082764e-01
  60  4.609376e-01  2.301709e-02  6.098016e-02  1.517162e+00  6.102772e-02  1.510068e-01  5.450804e-01
  61  2.064522e-01  2.335504e-02  2.491670e-02  1.517162e+00  6.102772e-02  1.561947e-01  7.216126e-01
  62  8.207481e-02  2.058252e-02  6.102335e-03  1.517162e+00  6.102772e-02  1.564938e-01  8.718202e-01
  63  1.712844e-01  1.262757e-02  2.920749e-02  1.517162e+00  6.102772e-02  2.247821e-01  9.664954e-02
  64  4.298176e-01  2.006218e-02  5.417488e-02  1.517162e+00  6.102772e-02  2.241842e-01  2.033771e-01
  65  3.157314e-01  2.052092e-02  4.851879e-02  1.517162e+00  6.102772e-02  2.256362e-01  3.016817e-01
  66  3.754989e-01  1.783679e-02  4.497966e-02  1.517162e+00  6.102772e-02  2.265826e-01  4.043023e-01
  67  2.998945e-01  1.272253e-02  3.344771e-02  1.517162e+00  6.102772e-02  2.273960e-01  5.309342e-01
  68  6.050306e-02  9.785075e-03  1.426788e-02  1.517162e+00  6.102772e-02  2.350231e-01  7.200947e-01
  69  3.420895e-02  7.797118e-03  4.935822e-03  1.517162e+00  6.102772e-02  2.442169e-01  1.008016e+00
  70  9.565892e-02  9.171830e-03  1.817200e-02  1.517162e+00  6.102772e-02  2.722365e-01  1.045781e-01
  71  2.372662e-01  1.522676e-02  3.449017e-02  1.517162e+00  6.102772e-02  2.767448e-01  2.048034e-01
  72  3.580422e-01  1.683279e-02  3.931898e-02  1.517162e+00  6.102772e-02  2.751630e-01  3.033646e-01
  73  2.984867e-01  1.743558e-02  4.059390e-02  1.517162e+00  6.102772e-02  2.754506e-01  4.005070e-01
  74  1.250718e-01  9.871859e-03  2.316560e-02  1.517162e+00  6.102772e-02  2.775384e-01  5.283345e-01
  75  1.110094e-01  7.072346e-03  1.433333e-02  1.517162e+00  6.102772e-02  2.810173e-01  6.968187e-01
  76  2.536489e-02  3.323567e-03  3.215586e-03  1.517162e+00  6.102772e-02  2.859422e-01  9.664786e-01
  77  7.915069e-02  4.811206e-03  1.104571e-02  1.517162e+00  6.102772e-02  3.330557e-01  9.958386e-02
  78  1.971307e-01  9.269256e-03  2.456778e-02  1.517162e+00  6.102772e-02  3.366228e-01  2.021960e-01
  79  2.377315e-01  1.061335e-02  2.656452e-02  1.517162e+00  6.102772e-02  3.373925e-01  3.029191e-01
  80  2.476739e-01  1.130259e-02  2.633065e-02  1.517162e+00  6.102772e-02  3.365397e-01  4.034379e-01
  81  1.289255e-01  7.199177e-03  1.857255e-02  1.517162e+00  6.102772e-02  3.349600e-01  5.238378e-01
  82  8.294909e-02  4.083721e-03  9.997144e-03  1.517162e+00  6.102772e-02  3.422781e-01  6.997038e-01
  83  2.239372e-02  1.707943e-03  2.843581e-03  1.517162e+00  6.102772e-02  3.422873e-01  9.453693e-01
  84  4.223394e-02  2.653697e-03  5.702445e-03  1.517162e+00  6.102772e-02  4.191772e-01  9.951449e-02
  85  7.941503e-02  5.207301e-03  1.125342e-02  1.517162e+00  6.102772e-02  4.218463e-01  2.042339e-01
  86  9.543678e-02  6.335521e-03  1.546583e-02  1.517162e+00  6.102772e-02  4.228571e-01  3.000580e-01
  87  1.280074e-01  6.723959e-03  1.527670e-02  1.517162e+00  6.102772e-02  4.214623e-01  4.012164e-01
  88  8.210035e-02  5.295672e-03  1.295159e-02  1.517162e+00  6.102772e-02  4.210348e-01  5.225832e-01
  89  5.123365e-02  3.231162e-03  7.475432e-03  1.517162e+00  6.102772e-02  4.248039e-01  6.977878e-01
  90  1.920517e-02  1.221456e-03  2.309395e-03  1.517162e+00  6.102772e-02  4.212632e-01  9.352257e-01
  91  1.547673e-02  1.533602e-03  2.287180e-03  1.517162e+00  6.102772e-02  5.265480e-01  9.476441e-02
  92  5.165795e-02  3.298811e-03  6.715686e-03  1.517162e+00  6.102772e-02  5.297170e-01  2.054456e-01
  93  5.585099e-02  3.789536e-03  7.444638e-03  1.517162e+00  6.102772e-02  5.307467e-01  3.016827e-01
  94  7.293412e-02  4.869425e-03  9.959231e-03  1.517162e+00  6.102772e-02  5.277836e-01  3.958077e-01
  95  5.766690e-02  3.558178e-03  7.864250e-03  1.517162e+00  6.102772e-02  5.329865e-01  5.263980e-01
  96  4.687807e-02  2.719308e-03  5.594803e-03  1.517162e+00  6.102772e-02  5.347982e-01  6.944481e-01
  97  8.091250e-03  8.050337e-04  1.377172e-03  1.517162e+00  6.102772e-02  5.342421e-01  9.444930e-01
  98  4.663726e-03  6.324146e-04  6.762889e-04  1.517162e+00  6.102772e-02  6.670324e-01  9.465250e-02
  99  9.886563e-03  1.447807e-03  1.615118e-03  1.517162e+00  6.102772e-02  6.661569e-01  2.052917e-01
 100  1.241246e-02  1.772435e-03  2.310965e-03  1.517162e+00  6.102772e-02  6.733061e-01  2.969733e-01
 101  2.675097e-02  2.212097e-03  3.188638e-03  1.517162e+00  6.102772e-02  6.800001e-01  3.986233e-01
 102  1.505507e-02  1.711938e-03  2.513417e-03  1.517162e+00  6.102772e-02  6.816258e-01  5.270268e-01
 103  1.744295e-02  1.154319e-03  2.045957e-03  1.517162e+00  6.102772e-02  6.729553e-01  6.931611e-01
 104  4.478912e-03  4.960877e-04  7.291178e-04  1.517162e+00  6.102772e-02  6.753212e-01  9.408013e-01
 105  7.100797e-04  2.624861e-04  1.296855e-04  1.517162e+00  6.102772e-02  8.582177e-01  1.273904e-01
 106  3.549840e-04  5.449178e-04  1.229692e-04  1.517425e+00  6.102866e-02  8.871107e-01  2.080681e-01
 107  2.272233e-03  5.558131e-04  2.063229e-04  1.517162e+00  6.102772e-02  8.469913e-01  3.082852e-01
 108  1.893428e-03  5.370530e-04  2.557838e-04  1.517162e+00  6.102772e-02  8.445404e-01  3.904322e-01
 109  2.755508e-03  6.158497e-04  3.910506e-04  1.517162e+00  6.102772e-02  8.440864e-01  5.206724e-01
 110  1.402589e-03  3.159476e-04  1.343112e-04  1.517425e+00  6.102866e-02  8.379161e-01  6.635830e-01
 111  7.426634e-04  1.520864e-04  7.253436e-05  1.517425e+00  6.102866e-02  8.351858e-01  9.529539e-01
 112  3.316615e-01  1.459509e-02  3.942552e-02  1.834674e+00  9.568023e-02  1.432559e-01  9.927113e-02
 113  5.352495e-01  2.383621e-02  7.440996e-02  1.834674e+00  9.568023e-02  1.443668e-01  2.049505e-01
 114  4.771597e-01  2.558340e-02  8.781805e-02  1.834674e+00  9.568023e-02  1.449129e-01  3.053656e-01
 115  5.647605e-01  2.718975e-02  7.985777e-02  1.834674e+00  9.568023e-02  1.431797e-01  4.037688e-01
 116  3.208237e-01  2.395187e-02  5.233697e-02  1.834674e+00  9.568023e-02  1.486436e-01  5.323917e-01
 117  1.789283e-01  2.268369e-02  2.266112e-02  1.834674e+00  9.568023e-02  1.551648e-01  6.988976e-01
 118  1.060768e-02  1.392008e-02  2.387261e-03  1.835347e+00  9.567987e-02  1.470648e-01  8.417344e-01
 119  1.157007e-01  9.117441e-03  1.923707e-02  1.834674e+00  9.568023e-02  2.235521e-01  1.036315e-01
 120  2.525685e-01  1.555373e-02  3.256916e-02  1.834674e+00  9.568023e-02  2.250203e-01  2.012321e-01
 121  2.937489e-01  1.792095e-02  3.766650e-02  1.834674e+00  9.568023e-02  2.252428e-01  3.000520e-01
 122  2.313693e-01  1.655273e-02  3.033429e-02  1.834674e+00  9.568023e-02  2.248793e-01  4.020007e-01
 123  1.988445e-01  1.320097e-02  2.767332e-02  1.834674e+00  9.568023e-02  2.288932e-01  5.292522e-01
 124  1.220399e-01  1.049754e-02  1.602966e-02  1.834674e+00  9.568023e-02  2.220400e-01  6.835670e-01
 125  1.280053e-02  4.890707e-03  2.346115e-03  1.834674e+00  9.568023e-02  2.231888e-01  9.062228e-01
 126  1.299365e-01  7.327134e-03  1.680778e-02  1.834674e+00  9.568023e-02  2.726384e-01  1.025833e-01
 127  2.650295e-01  1.326314e-02  3.108727e-02  1.834674e+00  9.568023e-02  2.743395e-01  2.002491e-01
 128  2.322164e-01  1.608230e-02  3.205966e-02  1.834674e+00  9.568023e-02  2.738344e-01  2.987710e-01
 129  2.053998e-01  1.488760e-02  2.791043e-02  1.834674e+00  9.568023e-02  2.743329e-01  4.016479e-01
 130  1.506343e-01  9.820831e-03  2.078046e-02  1.834674e+00  9.568023e-02  2.760846e-01  5.184482e-01
 131  7.951492e-02  6.657218e-03  1.068814e-02  1.834674e+00  9.568023e-02  2.743663e-01  6.843601e-01
 132  2.334606e-02  3.310256e-03  2.745256e-03  1.834674e+00  9.568023e-02  2.828704e-01  9.475526e-01
 133  8.131785e-02  4.172631e-03  1.068608e-02  1.834674e+00  9.568023e-02  3.341622e-01  9.959430e-02
 134  1.503235e-01  7.635509e-03  1.813773e-02  1.834674e+00  9.568023e-02  3.363854e-01  2.015070e-01
 135  2.052153e-01  8.813330e-03  2.238140e-02  1.834674e+00  9.568023e-02  3.345517e-01  3.000584e-01
 136  1.586211e-01  1.009582e-02  2.143822e-02  1.834674e+00  9.568023e-02  3.364613e-01  3.995739e-01
 137  8.319621e-02  6.272091e-03  1.284419e-02  1.834674e+00  9.568023e-02  3.381929e-01  5.186129e-01
 138  7.315660e-02  3.945938e-03  8.909022e-03  1.834674e+00  9.568023e-02  3.368121e-01  6.851759e-01
 139  1.660769e-02  1.538078e-03  1.839032e-03  1.834674e+00  9.568023e-02  3.379716e-01  9.376600e-01
 140  2.774653e-02  2.079415e-03  4.094077e-03  1.834674e+00  9.568023e-02  4.156345e-01  1.025061e-01
 141  6.928234e-02  4.270270e-03  1.017267e-02  1.834674e+00  9.568023e-02  4.185873e-01  2.020979e-01
 142  9.566448e-02  5.146709e-03  1.151178e-02  1.834674e+00  9.568023e-02  4.213940e-01  2.994198e-01
 143  7.564152e-02  6.207081e-03  1.186575e-02  1.834674e+00  9.568023e-02  4.205193e-01  4.025637e-01
 144  8.562714e-02  4.636157e-03  1.057956e-02  1.834674e+00  9.568023e-02  4.218021e-01  5.214355e-01
 145  4.620771e-02  3.192462e-03  6.522024e-03  1.834674e+00  9.568023e-02  4.242175e-01  7.000747e-01
 146  1.170653e-02  9.825461e-04  1.334638e-03  1.834674e+00  9.568023e-02  4.257097e-01  9.187344e-01
 147  1.906770e-02  1.322774e-03  2.184902e-03  1.834674e+00  9.568023e-02  5.277380e-01  9.924973e-02
 148  2.513878e-02  2.638391e-03  4.965587e-03  1.834674e+00  9.568023e-02  5.314812e-01  1.983419e-01
 149  4.086324e-02  3.250517e-03  5.424285e-03  1.834674e+00  9.568023e-02  5.355610e-01  3.006680e-01
 150  4.939310e-02  3.976905e-03  6.690086e-03  1.834674e+00  9.568023e-02  5.316363e-01  4.023757e-01
 151  4.802061e-02  3.342891e-03  6.646003e-03  1.834674e+00  9.568023e-02  5.318508e-01  5.164668e-01
 152  2.683279e-02  2.419752e-03  4.394550e-03  1.834674e+00  9.568023e-02  5.366327e-01  6.917119e-01
 153  1.068743e-02  7.461551e-04  1.093174e-03  1.834674e+00  9.568023e-02  5.344197e-01  9.162465e-01
 154  6.249740e-03  7.483129e-04  8.898082e-04  1.834674e+00  9.568023e-02  6.682083e-01  9.888757e-02
 155  1.259333e-02  1.587725e-03  1.564867e-03  1.834674e+00  9.568023e-02  6.792149e-01  2.022315e-01
 156  1.991100e-02  1.913090e-03  3.171734e-03  1.834674e+00  9.568023e-02  6.728795e-01  3.023942e-01
 157  1.843958e-02  1.814679e-03  2.121558e-03  1.834674e+00  9.568023e-02  6.839226e-01  4.062728e-01
 158  2.464509e-02  1.584216e-03  2.846267e-03  1.834674e+00  9.568023e-02  6.772610e-01  5.315652e-01
 159  1.596092e-02  1.263887e-03  1.901594e-03  1.834674e+00  9.568023e-02  6.744761e-01  6.863863e-01
 160  4.791528e-03  3.943158e-04  4.478657e-04  1.834674e+00  9.568023e-02  6.830874e-01  9.043963e-01
 161  9.244060e-05  2.816805e-04  6.193410e-05  1.835347e+00  9.567987e-02  8.591598e-01  1.070756e-01
 162  2.700002e-03  5.037107e-04  2.933045e-04  1.834674e+00  9.568023e-02  8.832866e-01  2.149063e-01
 163  7.575076e-04  6.530421e-04  6.452543e-05  1.834485e+00  9.566353e-02  8.527860e-01  3.072510e-01
 164  7.625776e-04  4.081560e-04  8.400867e-05  1.834674e+00  9.568023e-02  8.325220e-01  4.016424e-01
 165  1.244666e-03  3.949650e-04  1.649220e-04  1.834674e+00  9.568023e-02  8.342105e-01  5.241335e-01
 166  1.274767e-03  3.384272e-04  1.484809e-04  1.835347e+00  9.567987e-02  8.323039e-01  6.692321e-01
 167  5.137791e-04  1.136265e-04  4.610777e-05  1.834674e+00  9.568023e-02  8.070785e-01  8.864305e-01
 168  2.696952e-01  1.733671e-02  3.735657e-02  2.882131e+00  1.519989e-01  1.424925e-01  9.947930e-02
 169  4.657214e-01  3.196825e-02  6.413744e-02  2.882131e+00  1.519989e-01  1.440525e-01  2.040894e-01
 170  5.241662e-01  4.068222e-02  8.528806e-02  2.882131e+00  1.519989e-01  1.414245e-01  3.040745e-01
 171  6.442651e-01  4.218765e-02  8.113235e-02  2.882131e+00  1.519989e-01  1.419692e-01  3.978112e-01
 172  3.509898e-01  3.385779e-02  4.915582e-02  2.882131e+00  1.519989e-01  1.445511e-01  5.208091e-01
 173  1.041091e-01  3.050318e-02  1.969358e-02  2.882131e+00  1.519989e-01  1.546280e-01  6.936068e-01
 174 -5.863614e-03  1.849384e-02  2.960926e-03  2.883323e+00  1.520017e-01  1.652238e-01  8.854391e-01
 175  1.849638e-01  1.063215e-02  2.186849e-02  2.882131e+00  1.519989e-01  2.256888e-01  9.959061e-02
 176  2.646466e-01  1.945316e-02  3.397414e-02  2.882131e+00  1.519989e-01  2.231665e-01  2.028098e-01
 177  2.312995e-01  2.263812e-02  3.317558e-02  2.882131e+00  1.519989e-01  2.250299e-01  3.019139e-01
 178  3.177422e-01  2.783884e-02  4.151721e-02  2.882131e+00  1.519989e-01  2.236751e-01  3.986251e-01
 179  2.770118e-01  1.804950e-02  2.715732e-02  2.882131e+00  1.519989e-01  2.248277e-01  5.174503e-01
 180  1.219336e-01  1.302905e-02  1.156037e-02  2.882131e+00  1.519989e-01  2.243800e-01  6.838458e-01
 181  3.033196e-02  7.802262e-03  3.886004e-03  2.882131e+00  1.519989e-01  2.285916e-01  8.988555e-01
 182  1.349866e-01  8.237593e-03  1.430885e-02  2.882131e+00  1.519989e-01  2.730004e-01  1.007087e-01
 183  1.642221e-01  1.455175e-02  2.461646e-02  2.882131e+00  1.519989e-01  2.730882e-01  1.996254e-01
 184  1.665993e-01  1.599907e-02  1.905009e-02  2.882131e+00  1.519989e-01  2.737837e-01  2.985316e-01
 185  2.458543e-01  2.186829e-02  3.333215e-02  2.882131e+00  1.519989e-01  2.746548e-01  4.000656e-01
 186  1.315493e-01  1.280127e-02  1.777652e-02  2.882131e+00  1.519989e-01  2.740641e-01  5.177748e-01
 187  1.106736e-01  9.754939e-03  1.342515e-02  2.882131e+00  1.519989e-01  2.747256e-01  6.874360e-01
 188  1.734390e-02  3.556205e-03  1.493094e-03  2.882131e+00  1.519989e-01  2.776220e-01  9.348780e-01
 189  7.953322e-02  4.766907e-03  9.752416e-03  2.882131e+00  1.519989e-01  3.326270e-01  1.004075e-01
 190  1.259372e-01  7.859464e-03  1.643652e-02  2.882131e+00  1.519989e-01  3.336150e-01  2.006759e-01
 191  1.434703e-01  9.761178e-03  1.813928e-02  2.882131e+00  1.519989e-01  3.352592e-01  3.012816e-01
 192  1.268374e-01  1.161973e-02  1.810502e-02  2.882131e+00  1.519989e-01  3.365875e-01  3.965010e-01
 193  8.349573e-02  8.412375e-03  1.497108e-02  2.882131e+00  1.519989e-01  3.337406e-01  5.182410e-01
 194  5.125529e-02  5.499988e-03  7.457603e-03  2.882131e+00  1.519989e-01  3.347989e-01  6.876815e-01
 195  1.924515e-02  2.445168e-03  2.418035e-03  2.882131e+00  1.519989e-01  3.356026e-01  9.294815e-01
 196  3.062693e-02  2.267335e-03  3.801098e-03  2.882131e+00  1.519989e-01  4.206172e-01  1.005030e-01
 197  6.549002e-02  4.639897e-03  7.341166e-03  2.882131e+00  1.519989e-01  4.225483e-01  2.041043e-01
 198  7.198137e-02  5.627948e-03  9.579578e-03  2.882131e+00  1.519989e-01  4.185702e-01  3.007544e-01
 199  1.076102e-01  7.105224e-03  1.155717e-02  2.882131e+00  1.519989e-01  4.201644e-01  4.018558e-01
 200  4.088846e-02  4.935245e-03  7.543956e-03  2.882131e+00  1.519989e-01  4.222262e-01  5.231338e-01
 201  4.537559e-02  3.964144e-03  5.783948e-03  2.882131e+00  1.519989e-01  4.219480e-01  6.873157e-01
 202  1.000691e-02  1.255557e-03  1.531847e-03  2.882131e+00  1.519989e-01  4.206250e-01  9.276130e-01
 203  9.596264e-03  1.518186e-03  1.605463e-03  2.882131e+00  1.519989e-01  5.324704e-01  9.953756e-02
 204  2.905324e-02  3.019977e-03  4.477709e-03  2.882131e+00  1.519989e-01  5.299379e-01  2.018901e-01
 205  2.850386e-02  3.815807e-03  5.368966e-03  2.882131e+00  1.519989e-01  5.305806e-01  3.013590e-01
 206  4.206323e-02  4.883074e-03  5.938458e-03  2.882131e+00  1.519989e-01  5.354062e-01  4.008281e-01
 207  3.783460e-02  3.530673e-03  5.411942e-03  2.882131e+00  1.519989e-01  5.278472e-01  5.195309e-01
 208  2.177277e-02  2.607015e-03  2.745708e-03  2.882131e+00  1.519989e-01  5.335561e-01  6.939936e-01
 209  7.623370e-03  8.423263e-04  8.998362e-04  2.882131e+00  1.519989e-01  5.281562e-01  9.327986e-01
 210  5.294045e-03  9.577302e-04  6.979286e-04  2.883323e+00  1.520017e-01  6.625327e-01  1.008097e-01
 211  8.739542e-03  1.662385e-03  1.407049e-03  2.882131e+00  1.519989e-01  6.751669e-01  2.009816e-01
 212  1.406388e-02  2.126146e-03  1.814454e-03  2.882131e+00  1.519989e-01  6.805279e-01  3.106147e-01
 213  1.650105e-02  2.160815e-03  2.036640e-03  2.882131e+00  1.519989e-01  6.805266e-01  4.036249e-01
 214  1.105972e-02  1.401695e-03  1.320404e-03  2.882131e+00  1.519989e-01  6.750033e-01  5.222574e-01
 215  9.078106e-03  1.334418e-03  1.395024e-03  2.882131e+00  1.519989e-01  6.738621e-01  6.788366e-01
 216  2.741444e-03  4.710251e-04  3.992261e-04  2.882131e+00  1.519989e-01  6.721609e-01  9.270514e-01
 217  3.253934e-04  2.392093e-04  8.622474e-06  2.883323e+00  1.520017e-01  8.003220e-01  1.030929e-01
 218  1.433130e-03  1.708981e-03  1.672984e-04  2.866505e+00  1.519618e-01  8.536193e-01  1.921961e-01
 219  3.505682e-04  5.456406e-04  9.041636e-05  2.882131e+00  1.519989e-01  8.422256e-01  3.111170e-01
 220 -2.559125e-04  5.401227e-04  1.125194e-04  2.882131e+00  1.519989e-01  8.287129e-01  4.102579e-01
 221  3.714996e-05  4.044284e-04  4.639781e-05  2.883323e+00  1.520017e-01  8.309347e-01  5.099393e-01
 222  1.978513e-05  2.334108e-04  5.467157e-05  2.882131e+00  1.519989e-01  8.147089e-01  6.840725e-01
 223  1.858865e-04  1.188826e-04  1.530650e-05  2.882131e+00  1.519989e-01  8.246478e-01  8.990319e-01
 224  2.315557e-01  2.748643e-02  3.030222e-02  5.223411e+00  2.530129e-01  1.429602e-01  9.760675e-02
 225  6.242139e-01  6.749511e-02  7.535261e-02  5.223411e+00  2.530129e-01  1.398350e-01  2.032665e-01
 226  6.104696e-01  8.215224e-02  6.956311e-02  5.223411e+00  2.530129e-01  1.421604e-01  2.989733e-01
 227  4.490443e-01  8.063105e-02  6.252409e-02  5.223411e+00  2.530129e-01  1.406407e-01  3.999467e-01
 228  7.051411e-01  7.718915e-02  7.860235e-02  5.223411e+00  2.530129e-01  1.431960e-01  5.119921e-01
 229  2.716189e-01  6.395101e-02  2.989594e-02  5.223411e+00  2.530129e-01  1.524884e-01  6.964625e-01
 230  1.365593e-01  1.594960e-02  1.508700e-02  5.223411e+00  2.530129e-01  2.235131e-01  1.053468e-01
 231  2.389583e-01  3.018493e-02  2.915543e-02  5.223411e+00  2.530129e-01  2.234038e-01  2.017641e-01
 232  4.828954e-01  4.544703e-02  4.653854e-02  5.223411e+00  2.530129e-01  2.233081e-01  3.004635e-01
 233  3.264071e-01  5.027861e-02  3.866085e-02  5.223411e+00  2.530129e-01  2.218443e-01  3.998288e-01
 234  1.836996e-01  3.269356e-02  2.499350e-02  5.223411e+00  2.530129e-01  2.210896e-01  5.228506e-01
 235  1.726880e-01  2.462393e-02  1.589284e-02  5.223411e+00  2.530129e-01  2.255017e-01  6.815005e-01
 236  2.856481e-02  1.167251e-02  1.714232e-03  5.224152e+00  2.530245e-01  2.172363e-01  8.786973e-01
 237  7.834268e-02  1.203404e-02  1.157459e-02  5.223411e+00  2.530129e-01  2.716401e-01  1.021222e-01
 238  2.384686e-01  2.274736e-02  2.610423e-02  5.223411e+00  2.530129e-01  2.730195e-01  2.044662e-01
 239  1.813898e-01  2.665930e-02  2.194420e-02  5.223411e+00  2.530129e-01  2.712335e-01  3.051115e-01
 240  1.615379e-01  3.497063e-02  2.085660e-02  5.223411e+00  2.530129e-01  2.730038e-01  3.933637e-01
 241  2.500808e-01  2.948390e-02  2.907273e-02  5.223411e+00  2.530129e-01  2.743997e-01  5.121110e-01
 242  4.097448e-02  1.463509e-02  8.213846e-03  5.223411e+00  2.530129e-01  2.733938e-01  6.730897e-01
 243  1.676603e-02  8.092896e-03  3.162969e-03  5.224152e+00  2.530245e-01  2.769949e-01  8.905618e-01
 244  5.718441e-02  7.924919e-03  1.025508e-02  5.223411e+00  2.530129e-01  3.362418e-01  1.026946e-01
 245  7.685898e-02  1.250796e-02  1.303441e-02  5.223411e+00  2.530129e-01  3.321155e-01  2.044341e-01
 246  1.201497e-01  1.579241e-02  1.940071e-02  5.223411e+00  2.530129e-01  3.367718e-01  3.012295e-01
 247  1.097963e-01  1.947738e-02  1.918566e-02  5.223411e+00  2.530129e-01  3.330899e-01  4.012244e-01
 248  5.084418e-02  1.452161e-02  1.101232e-02  5.223411e+00  2.530129e-01  3.374395e-01  5.142232e-01
 249  5.447003e-02  9.845445e-03  8.067843e-03  5.223411e+00  2.530129e-01  3.470297e-01  6.854413e-01
 250  1.673839e-02  3.634584e-03  1.802126e-03  5.223411e+00  2.530129e-01  3.379103e-01  9.234558e-01
 251  1.896256e-02  3.317091e-03  2.327188e-03  5.223411e+00  2.530129e-01  4.149744e-01  9.772264e-02
 252  6.912040e-02  8.097167e-03  8.855075e-03  5.223411e+00  2.530129e-01  4.204222e-01  2.036815e-01
 253  9.354822e-02  9.668203e-03  1.227273e-02  5.223411e+00  2.530129e-01  4.172250e-01  3.010769e-01
 254  7.071581e-02  1.046903e-02  9.651487e-03  5.223411e+00  2.530129e-01  4.202676e-01  4.017426e-01
 255  8.422112e-02  8.364785e-03  8.251119e-03  5.223411e+00  2.530129e-01  4.193735e-01  5.130532e-01
 256  4.243321e-02  6.520684e-03  5.111292e-03  5.223411e+00  2.530129e-01  4.157040e-01  6.908837e-01
 257  1.023957e-02  2.345785e-03  1.211551e-03  5.223411e+00  2.530129e-01  4.173236e-01  9.560620e-01
 258  9.848274e-03  2.105224e-03  1.335340e-03  5.223411e+00  2.530129e-01  5.271408e-01  1.012514e-01
 259  2.952894e-02  4.497327e-03  2.642582e-03  5.223411e+00  2.530129e-01  5.269529e-01  2.137888e-01
 260  1.861364e-02  4.678547e-03  2.654895e-03  5.223411e+00  2.530129e-01  5.342413e-01  3.011439e-01
 261  4.168512e-02  6.294703e-03  5.191078e-03  5.223411e+00  2.530129e-01  5.302488e-01  3.999752e-01
 262  3.305998e-02  4.974622e-03  4.439394e-03  5.223411e+00  2.530129e-01  5.351125e-01  5.214635e-01
 263  2.323239e-02  3.785864e-03  2.834983e-03  5.223411e+00  2.530129e-01  5.232084e-01  6.875141e-01
 264  6.164457e-03  1.505560e-03  8.096064e-04  5.223411e+00  2.530129e-01  5.311530e-01  9.229375e-01
 265  6.795072e-03  1.411020e-03  7.286478e-04  5.223411e+00  2.530129e-01  6.776293e-01  9.877357e-02
 266  6.639771e-03  4.256512e-03  1.153709e-03  5.221135e+00  2.530607e-01  6.649891e-01  1.918633e-01
 267  1.560301e-02  3.194047e-03  2.071194e-03  5.223411e+00  2.530129e-01  6.783494e-01  2.921590e-01
 268  9.160076e-03  3.174050e-03  1.135797e-03  5.223411e+00  2.530129e-01  6.646599e-01  4.041506e-01
 269  8.934386e-03  2.024457e-03  1.215955e-03  5.223411e+00  2.530129e-01  6.769836e-01  5.208861e-01
 270  6.324389e-03  1.421820e-03  6.142516e-04  5.223411e+00  2.530129e-01  6.749966e-01  6.916559e-01
 271  3.083758e-03  7.534396e-04  3.373380e-04  5.223411e+00  2.530129e-01  6.795018e-01  9.211965e-01
 272  8.135419e-04  4.041098e-04  8.700418e-05  5.223411e+00  2.530129e-01  8.336234e-01  9.244227e-02
 273  3.617528e-03  3.540960e-03  9.228383e-05  5.213690e+00  2.528613e-01  9.443461e-01  1.579526e-01
 274  2.360137e-03  9.596187e-04  2.152602e-04  5.224152e+00  2.530245e-01  8.829091e-01  3.055176e-01
 275  2.161213e-03  1.328351e-03  2.609716e-04  5.220033e+00  2.530312e-01  8.449293e-01  4.022051e-01
 276 -1.311587e-04  7.686475e-04  1.018611e-04  5.226513e+00  2.529962e-01  7.944393e-01  5.177413e-01
 277 -2.644415e-05  4.198101e-04  1.508592e-04  5.223411e+00  2.530129e-01  8.449143e-01  6.863105e-01
 278  1.159121e-04  1.178110e-04  3.963630e-06  5.226513e+00  2.529962e-01  8.230340e-01  9.314867e-01
 279  3.787443e-01  1.518312e-01  5.981452e-02  9.205912e+00  4.090672e-01  1.404606e-01  9.118382e-02
 280  4.456773e-01  3.586503e-01  1.623095e-01  9.202431e+00  4.090416e-01  1.431123e-01  1.971648e-01
 281  1.012056e+00  3.676774e-01  1.057371e-01  9.202431e+00  4.090416e-01  1.417921e-01  3.028756e-01
 282  6.588145e-01  4.873873e-01  2.114519e-01  9.202431e+00  4.090416e-01  1.376628e-01  3.926243e-01
 283  1.718410e-01  3.748938e-01  7.960722e-02  9.206077e+00  4.092912e-01  1.615213e-01  5.672570e-01
 284 -5.202547e-02  1.819560e-01  1.789618e-02  9.205912e+00  4.090672e-01  1.667165e-01  7.600833e-01
 285  2.516931e-01  8.656166e-02  2.985252e-02  9.202431e+00  4.090416e-01  2.232808e-01  8.261610e-02
 286  4.511778e-01  1.381390e-01  5.163779e-02  9.202431e+00  4.090416e-01  2.206365e-01  1.993410e-01
 287  2.926410e-01  1.679681e-01  4.944391e-02  9.202431e+00  4.090416e-01  2.151872e-01  2.974352e-01
 288  2.702990e-01  2.261144e-01  7.419310e-02  9.205912e+00  4.090672e-01  2.266090e-01  3.837171e-01
 289  2.972680e-01  9.836578e-02  2.077051e-02  9.202431e+00  4.090416e-01  2.230086e-01  5.074048e-01
 290  7.833166e-02  7.812866e-02  1.895409e-02  9.202431e+00  4.090416e-01  2.348437e-01  7.117051e-01
 291  1.577035e-01  1.270900e-01  2.346914e-02  9.214643e+00  4.093928e-01  2.144478e-01  8.886043e-01
 292  1.395458e-01  4.747320e-02  1.466540e-02  9.205912e+00  4.090672e-01  2.655483e-01  1.286295e-01
 293  1.337035e-01  7.842111e-02  1.997422e-02  9.205912e+00  4.090672e-01  2.745086e-01  2.144390e-01
 294  3.781383e-01  1.157793e-01  3.306093e-02  9.202431e+00  4.090416e-01  2.688768e-01  3.002424e-01
 295  1.878405e-01  1.616410e-01  5.275338e-02  9.202431e+00  4.090416e-01  2.767122e-01  3.927887e-01
 296  2.286825e-01  8.783820e-02  1.604905e-02  9.205912e+00  4.090672e-01  2.739085e-01  5.248896e-01
 297  1.868745e-01  6.070696e-02  1.757648e-02  9.205912e+00  4.090672e-01  2.796861e-01  6.600104e-01
 298  5.094340e-02  3.199314e-02  7.835884e-03  9.194020e+00  4.087998e-01  3.391308e-01  9.939068e-02
 299  8.860005e-02  4.530893e-02  1.606799e-02  9.205912e+00  4.090672e-01  3.345472e-01  1.983724e-01
 300  1.516455e-01  5.794402e-02  2.425147e-02  9.202431e+00  4.090416e-01  3.286909e-01  2.983724e-01
 301  1.952843e-01  7.320219e-02  2.316276e-02  9.202431e+00  4.090416e-01  3.345319e-01  4.005031e-01
 302  1.241170e-01  5.379037e-02  1.248194e-02  9.205912e+00  4.090672e-01  3.352657e-01  5.227124e-01
 303  9.320263e-02  4.007220e-02  1.234835e-02  9.202431e+00  4.090416e-01  3.473792e-01  6.245075e-01
 304  3.425631e-03  1.577153e-02  2.500414e-03  9.205912e+00  4.090672e-01  3.270894e-01  9.633616e-01
 305  2.326537e-02  1.726199e-02  5.499630e-03  9.202431e+00  4.090416e-01  4.100392e-01  9.782756e-02
 306  1.474395e-01  2.926707e-02  1.155007e-02  9.205912e+00  4.090672e-01  4.084452e-01  2.077053e-01
 307  9.970102e-03  3.617019e-02  8.815285e-03  9.205912e+00  4.090672e-01  4.243730e-01  3.215477e-01
 308  7.518535e-02  3.716202e-02  1.080730e-02  9.202431e+00  4.090416e-01  4.255435e-01  3.867801e-01
 309  1.509977e-01  3.769249e-02  2.107717e-02  9.202431e+00  4.090416e-01  4.081339e-01  5.092223e-01
 310  9.916684e-02  4.023549e-02  9.724992e-03  9.199082e+00  4.088124e-01  4.301783e-01  6.836932e-01
 311  2.176461e-02  8.644850e-03  1.704464e-03  9.205912e+00  4.090672e-01  4.067979e-01  8.919142e-01
 312  1.867168e-02  9.955891e-03  1.719697e-03  9.205912e+00  4.090672e-01  5.485482e-01  1.092231e-01
 313 -1.568965e-02  1.670237e-02  2.234572e-03  9.205912e+00  4.090672e-01  5.183031e-01  2.054165e-01
 314  7.683228e-02  2.201803e-02  6.229021e-03  9.202431e+00  4.090416e-01  5.369436e-01  3.174980e-01
 315 -3.340214e-03  2.080538e-02  2.943284e-03  9.205912e+00  4.090672e-01  5.401660e-01  3.863355e-01
 316  1.498966e-02  1.710837e-02  3.257667e-03  9.205912e+00  4.090672e-01  5.295029e-01  5.004783e-01
 317  3.280425e-02  1.165040e-02  2.537783e-03  9.202431e+00  4.090416e-01  5.151560e-01  7.059482e-01
 318  1.274290e-03  6.169558e-03  5.809159e-04  9.205912e+00  4.090672e-01  5.449472e-01  9.135947e-01
 319 -5.025839e-03  1.411169e-02  2.156582e-03  9.214643e+00  4.093928e-01  6.527513e-01  1.432143e-01
 320  1.380222e-02  1.128133e-02  2.053058e-03  9.202431e+00  4.090416e-01  6.703663e-01  1.929529e-01
 321  2.811504e-03  1.484248e-02  1.309819e-03  9.214643e+00  4.093928e-01  6.942446e-01  2.971498e-01
 322  3.323916e-02  1.672235e-02  2.281965e-03  9.199082e+00  4.088124e-01  6.717596e-01  3.961769e-01
 323  3.330424e-02  9.404640e-03  1.854592e-03  9.205912e+00  4.090672e-01  6.763517e-01  5.644723e-01
 324  2.511236e-02  1.138710e-02  2.910710e-03  9.199082e+00  4.088124e-01  6.510317e-01  7.086972e-01
 325  2.526410e-03  2.200757e-03  3.083107e-04  9.205912e+00  4.090672e-01  6.785144e-01  8.933791e-01
