   0  2.536003e-01  2.207802e-02  1.517830e-01  1.250269e+00  3.752505e-02  1.502020e-01  1.019364e-01
   1  1.447140e+00  2.778067e-02  4.091807e-01  1.250269e+00  3.752505e-02  1.521749e-01  2.157791e-01
   2  9.721201e-01  2.727522e-02  2.113537e-01  1.250269e+00  3.752505e-02  1.522933e-01  3.227291e-01
   3  5.706019e-01  2.828755e-02  1.336878e-01  1.250269e+00  3.752505e-02  1.556551e-01  4.371615e-01
   4  5.576941e-01  2.401037e-02  4.693696e-02  1.250269e+00  3.752505e-02  1.599346e-01  5.743694e-01
   5  2.605844e-01  2.454172e-02  2.026578e-02  1.250269e+00  3.752505e-02  1.709200e-01  8.076360e-01
   6 -9.079058e-03  2.113448e-02  2.593743e-03  1.250269e+00  3.752505e-02  1.983256e-01  1.187806e+00
   7  2.990922e-01  2.470473e-02  2.444452e-02  1.250269e+00  3.752505e-02  2.266198e-01  9.980982e-02
   8  5.271981e-01  3.050515e-02  3.331720e-02  1.250269e+00  3.752505e-02  2.301585e-01  2.060025e-01
   9  5.785276e-01  2.915858e-02  3.572515e-02  1.250269e+00  3.752505e-02  2.341512e-01  3.121649e-01
  10  5.258524e-01  2.311712e-02  3.069189e-02  1.250269e+00  3.752505e-02  2.338468e-01  4.143029e-01
  11  3.774088e-01  1.620914e-02  2.141740e-02  1.250269e+00  3.752505e-02  2.359174e-01  5.476233e-01
  12  2.098670e-01  1.112222e-02  3.608477e-02  1.250269e+00  3.752505e-02  2.386537e-01  7.285609e-01
  13  6.430469e-02  7.690084e-03  1.217154e-02  1.250269e+00  3.752505e-02  2.403588e-01  1.013760e+00
  14  3.821362e-01  2.211805e-02  1.168746e-01  1.250269e+00  3.752505e-02  2.744497e-01  1.037242e-01
  15  2.963064e-01  2.789726e-02  8.410191e-02  1.250269e+00  3.752505e-02  2.771796e-01  2.068321e-01
  16  3.211786e-01  2.661969e-02  8.674056e-02  1.250269e+00  3.752505e-02  2.840068e-01  3.119130e-01
  17  4.279540e-01  2.148045e-02  6.767463e-02  1.250269e+00  3.752505e-02  2.868223e-01  4.151126e-01
  18  3.211121e-01  1.501942e-02  9.871761e-02  1.250269e+00  3.752505e-02  2.899104e-01  5.511540e-01
  19  2.092639e-01  1.011869e-02  8.633775e-03  1.250269e+00  3.752505e-02  2.890327e-01  7.210283e-01
  20  4.712823e-02  4.425369e-03  2.023619e-03  1.250269e+00  3.752505e-02  2.993468e-01  1.013668e+00
  21  2.138979e-01  1.421969e-02  6.599015e-02  1.250269e+00  3.752505e-02  3.353918e-01  1.019666e-01
  22  4.316903e-01  1.840041e-02  8.943405e-02  1.250269e+00  3.752505e-02  3.405483e-01  2.074192e-01
  23  3.438869e-01  1.851713e-02  1.074134e-01  1.250269e+00  3.752505e-02  3.424263e-01  3.076759e-01
  24  2.623382e-01  1.926434e-02  1.693160e-01  1.250269e+00  3.752505e-02  3.429929e-01  4.086269e-01
  25  4.928252e-01  1.178184e-02  1.165246e-01  1.250269e+00  3.752505e-02  3.487519e-01  5.410553e-01
  26  1.156093e-01  7.336620e-03  4.171358e-02  1.250269e+00  3.752505e-02  3.453851e-01  7.105530e-01
  27  5.956209e-02  3.034139e-03  1.260720e-02  1.250269e+00  3.752505e-02  3.552542e-01  1.007290e+00
  28  8.262122e-02  8.572480e-03  2.582531e-02  1.250269e+00  3.752505e-02  4.284131e-01  9.884389e-02
  29  2.233735e-01  1.346501e-02  5.393826e-02  1.250269e+00  3.752505e-02  4.191305e-01  2.036434e-01
  30  2.222920e-01  1.323262e-02  5.492212e-02  1.250269e+00  3.752505e-02  4.235560e-01  3.026066e-01
  31  2.041095e-01  1.355136e-02  1.704768e-02  1.250269e+00  3.752505e-02  4.314508e-01  4.101637e-01
  32  2.080187e-01  9.461209e-03  9.758400e-02  1.250269e+00  3.752505e-02  4.282573e-01  5.270042e-01
  33  9.271592e-02  6.047782e-03  3.306199e-02  1.250269e+00  3.752505e-02  4.329215e-01  7.024573e-01
  34  5.681163e-02  2.325388e-03  1.098682e-02  1.250269e+00  3.752505e-02  4.314723e-01  9.560350e-01
  35  1.504682e-04  5.641505e-03  2.020977e-02  1.250269e+00  3.752505e-02  5.247010e-01  1.035386e-01
  36  7.611090e-02  8.654115e-03  8.011384e-03  1.250269e+00  3.752505e-02  5.302707e-01  2.020833e-01
  37  1.131861e-01  9.071980e-03  1.130954e-02  1.250269e+00  3.752505e-02  5.304062e-01  3.033743e-01
  38  1.478863e-01  9.388306e-03  1.273079e-02  1.250269e+00  3.752505e-02  5.375947e-01  4.038126e-01
  39  1.262010e-01  7.382993e-03  5.857857e-03  1.250269e+00  3.752505e-02  5.436773e-01  5.373716e-01
  40  1.096005e-01  5.407137e-03  5.245011e-03  1.250269e+00  3.752505e-02  5.452599e-01  7.103738e-01
  41  3.882510e-02  1.710609e-03  1.454153e-03  1.250269e+00  3.752505e-02  5.413988e-01  9.620423e-01
  42  1.302342e-02  3.240553e-03  1.563494e-03  1.250269e+00  3.752505e-02  6.870043e-01  9.937384e-02
  43  4.948503e-02  5.081962e-03  5.783475e-03  1.250269e+00  3.752505e-02  6.779828e-01  2.049178e-01
  44  4.844309e-02  5.075539e-03  7.331640e-03  1.250269e+00  3.752505e-02  6.907183e-01  3.031859e-01
  45  7.086647e-02  5.134104e-03  1.085736e-02  1.250269e+00  3.752505e-02  6.875323e-01  4.008691e-01
  46  5.776415e-02  4.025241e-03  1.117198e-02  1.250269e+00  3.752505e-02  6.834627e-01  5.245277e-01
  47  5.814006e-02  3.067173e-03  4.845258e-03  1.250269e+00  3.752505e-02  6.843887e-01  6.934108e-01
  48  1.896377e-02  1.239553e-03  1.697671e-03  1.250269e+00  3.752505e-02  6.877501e-01  9.473112e-01
  49  5.605608e-03  9.679583e-04  3.278070e-04  1.250392e+00  3.752366e-02  8.621949e-01  9.052268e-02
  50  7.361417e-03  1.739432e-03  1.367958e-03  1.250269e+00  3.752505e-02  8.710017e-01  2.064343e-01
  51  1.652787e-02  3.180959e-03  2.114498e-03  1.250269e+00  3.752505e-02  8.588867e-01  3.046386e-01
  52  1.110995e-02  1.958469e-03  1.635741e-03  1.250269e+00  3.752505e-02  8.650545e-01  3.948715e-01
  53  2.187659e-02  2.476201e-03  3.221164e-03  1.250269e+00  3.752505e-02  8.573170e-01  5.310786e-01
  54  7.888748e-03  1.010889e-03  6.914086e-04  1.250269e+00  3.752505e-02  8.680753e-01  6.550281e-01
  55  1.036186e-02  9.809580e-04  7.626343e-04  1.250269e+00  3.752505e-02  8.566343e-01  9.068226e-01
  56  4.050991e-01  1.917424e-02  4.059978e-02  1.517162e+00  6.102772e-02  1.471318e-01  1.016115e-01
  57  6.734613e-01  2.785505e-02  1.222964e-01  1.517162e+00  6.102772e-02  1.497116e-01  2.091402e-01
  58  1.487241e+00  3.058161e-02  3.168738e-01  1.517162e+00  6.102772e-02  1.495268e-01  3.146287e-01
  59  8.445416e-01  3.055923e-02  2.312225e-01  1.517162e+00  6.102772e-02  1.488407e-01  4.147802e-01
  60  5.908219e-01  2.633310e-02  1.270320e-01  1.517162e+00  6.102772e-02  1.503946e-01  5.440517e-01
  61  3.230945e-01  2.737283e-02  8.117516e-02  1.517162e+00  6.102772e-02  1.600321e-01  7.418737e-01
  62  6.311613e-02  1.532503e-02  9.765148e-03  1.517162e+00  6.102772e-02  1.512813e-01  8.776806e-01
  63  1.046632e-01  1.443737e-02  1.355828e-01  1.517162e+00  6.102772e-02  2.249110e-01  1.036215e-01
  64  6.213424e-01  2.516332e-02  8.109515e-02  1.517162e+00  6.102772e-02  2.270507e-01  2.047680e-01
  65  5.762793e-01  2.668631e-02  5.289534e-02  1.517162e+00  6.102772e-02  2.254875e-01  3.011978e-01
  66  5.644521e-01  2.285424e-02  4.266480e-02  1.517162e+00  6.102772e-02  2.282697e-01  4.039310e-01
  67  5.289286e-01  1.507510e-02  1.420938e-01  1.517162e+00  6.102772e-02  2.291847e-01  5.312717e-01
  68  3.984496e-03  1.099398e-02  5.273662e-02  1.517162e+00  6.102772e-02  2.344734e-01  7.154376e-01
  69  3.687230e-02  7.445347e-03  1.490341e-02  1.517162e+00  6.102772e-02  2.668098e-01  1.108830e+00
  70  8.096129e-02  1.203601e-02  8.440589e-02  1.517162e+00  6.102772e-02  2.731193e-01  1.024540e-01
  71  3.873407e-01  2.141394e-02  1.157206e-01  1.517162e+00  6.102772e-02  2.760305e-01  2.042515e-01
  72  7.870448e-01  2.352633e-02  1.491778e-01  1.517162e+00  6.102772e-02  2.764272e-01  3.009767e-01
  73  4.026827e-01  2.129140e-02  1.101033e-01  1.517162e+00  6.102772e-02  2.770045e-01  4.048929e-01
  74  1.597723e-01  1.411413e-02  8.908300e-02  1.517162e+00  6.102772e-02  2.810460e-01  5.278908e-01
  75  1.377236e-01  8.614108e-03  1.116463e-02  1.517162e+00  6.102772e-02  2.849803e-01  7.093678e-01
  76  3.427925e-02  3.863303e-03  2.755661e-03  1.517162e+00  6.102772e-02  3.040899e-01  1.019620e+00
  77  1.391674e-01  7.053723e-03  4.037769e-02  1.517162e+00  6.102772e-02  3.355483e-01  1.003415e-01
  78  4.234117e-01  1.379621e-02  1.191868e-01  1.517162e+00  6.102772e-02  3.359596e-01  2.021059e-01
  79  5.895718e-01  1.508794e-02  1.226503e-01  1.517162e+00  6.102772e-02  3.352547e-01  3.001544e-01
  80  5.715787e-01  1.539547e-02  1.123993e-01  1.517162e+00  6.102772e-02  3.376667e-01  4.036828e-01
  81  2.141038e-01  1.014947e-02  7.677442e-02  1.517162e+00  6.102772e-02  3.396868e-01  5.248769e-01
  82  1.373428e-01  5.602666e-03  1.753763e-02  1.517162e+00  6.102772e-02  3.424922e-01  6.993496e-01
  83  2.928090e-02  2.029936e-03  3.947988e-03  1.517162e+00  6.102772e-02  3.395177e-01  9.397841e-01
  84  8.967140e-02  4.464859e-03  2.205940e-02  1.517162e+00  6.102772e-02  4.212048e-01  1.012197e-01
  85  1.599990e-01  8.059076e-03  6.792537e-02  1.517162e+00  6.102772e-02  4.221954e-01  2.043894e-01
  86  2.175174e-01  9.637900e-03  9.886192e-03  1.517162e+00  6.102772e-02  4.216669e-01  2.998802e-01
  87  2.687389e-01  1.113903e-02  1.129908e-02  1.517162e+00  6.102772e-02  4.247577e-01  4.026145e-01
  88  1.897623e-01  8.131186e-03  9.226855e-03  1.517162e+00  6.102772e-02  4.241198e-01  5.232495e-01
  89  1.073706e-01  4.881613e-03  2.344556e-02  1.517162e+00  6.102772e-02  4.243915e-01  6.891943e-01
  90  3.085059e-02  1.637749e-03  5.176282e-03  1.517162e+00  6.102772e-02  4.290100e-01  9.493071e-01
  91  3.219261e-02  2.632151e-03  1.865511e-02  1.517162e+00  6.102772e-02  5.276107e-01  9.776053e-02
  92  1.093353e-01  5.343352e-03  2.154588e-02  1.517162e+00  6.102772e-02  5.271779e-01  2.036637e-01
  93  1.465892e-01  6.759087e-03  2.985160e-02  1.517162e+00  6.102772e-02  5.283599e-01  3.010061e-01
  94  1.544782e-01  7.563442e-03  1.284102e-02  1.517162e+00  6.102772e-02  5.368993e-01  4.028283e-01
  95  1.409167e-01  5.807933e-03  6.760217e-02  1.517162e+00  6.102772e-02  5.359913e-01  5.283077e-01
  96  1.163424e-01  4.286808e-03  2.261005e-02  1.517162e+00  6.102772e-02  5.381214e-01  6.890909e-01
  97  2.075089e-02  1.497101e-03  7.113176e-03  1.517162e+00  6.102772e-02  5.380714e-01  9.379392e-01
  98  1.178064e-02  1.504349e-03  4.548619e-03  1.517162e+00  6.102772e-02  6.826228e-01  9.721336e-02
  99  2.745887e-02  2.619239e-03  1.175192e-02  1.517162e+00  6.102772e-02  6.855044e-01  2.032689e-01
 100  5.089356e-02  3.625602e-03  3.702350e-03  1.517162e+00  6.102772e-02  6.837178e-01  3.038634e-01
 101  7.904055e-02  4.217972e-03  1.545215e-02  1.517162e+00  6.102772e-02  6.927634e-01  4.011750e-01
 102  3.756795e-02  3.215647e-03  2.750401e-02  1.517162e+00  6.102772e-02  6.877000e-01  5.237216e-01
 103  6.563359e-02  2.689729e-03  7.422731e-03  1.517162e+00  6.102772e-02  6.942352e-01  6.925406e-01
 104  1.976732e-02  1.060167e-03  3.003091e-03  1.517162e+00  6.102772e-02  6.963791e-01  9.441100e-01
 105  6.057508e-03  6.298661e-04  1.749637e-03  1.517162e+00  6.102772e-02  8.760669e-01  1.044301e-01
 106  7.811315e-03  1.244377e-03  3.340070e-03  1.517162e+00  6.102772e-02  8.805172e-01  1.942834e-01
 107  1.554050e-02  1.447195e-03  8.064608e-04  1.517162e+00  6.102772e-02  8.790665e-01  3.018444e-01
 108  2.008763e-02  1.716643e-03  4.647565e-03  1.517162e+00  6.102772e-02  8.625432e-01  4.005679e-01
 109  1.642684e-02  1.300003e-03  6.916435e-03  1.517162e+00  6.102772e-02  8.684148e-01  5.271430e-01
 110  1.894199e-02  1.054438e-03  2.080311e-03  1.517162e+00  6.102772e-02  8.639578e-01  6.939507e-01
 111  8.788363e-03  5.784542e-04  9.554196e-04  1.517162e+00  6.102772e-02  8.707332e-01  9.311395e-01
 112  4.055932e-01  1.644054e-02  4.711724e-02  1.834674e+00  9.568023e-02  1.453357e-01  1.002458e-01
 113  7.067009e-01  2.998849e-02  7.328808e-02  1.834674e+00  9.568023e-02  1.473137e-01  2.062690e-01
 114  5.889033e-01  3.433054e-02  3.131322e-01  1.834674e+00  9.568023e-02  1.451255e-01  3.074997e-01
 115  8.907872e-01  3.399730e-02  2.593652e-01  1.834674e+00  9.568023e-02  1.445408e-01  4.070341e-01
 116  4.660286e-01  2.897585e-02  8.306034e-02  1.834674e+00  9.568023e-02  1.497543e-01  5.330402e-01
 117  2.141895e-01  2.337253e-02  6.927316e-02  1.834674e+00  9.568023e-02  1.637913e-01  7.321930e-01
 118  2.256912e-02  2.263120e-02  1.505661e-02  1.836021e+00  9.569265e-02  1.579186e-01  8.861040e-01
 119  1.316078e-01  1.306036e-02  1.073330e-01  1.834674e+00  9.568023e-02  2.245852e-01  9.839183e-02
 120  5.193859e-01  2.366794e-02  9.820147e-02  1.834674e+00  9.568023e-02  2.239912e-01  2.038179e-01
 121  5.581733e-01  2.569518e-02  1.050938e-01  1.834674e+00  9.568023e-02  2.258091e-01  3.024814e-01
 122  4.629607e-01  2.334562e-02  8.935947e-02  1.834674e+00  9.568023e-02  2.251896e-01  4.012297e-01
 123  3.151811e-01  1.729327e-02  6.630233e-02  1.834674e+00  9.568023e-02  2.269232e-01  5.265133e-01
 124  1.301655e-01  1.138672e-02  6.403961e-03  1.834674e+00  9.568023e-02  2.298475e-01  7.010005e-01
 125  2.024744e-02  5.479427e-03  1.258270e-03  1.834674e+00  9.568023e-02  2.416251e-01  9.677281e-01
 126  2.547349e-01  1.078520e-02  6.886073e-02  1.834674e+00  9.568023e-02  2.759014e-01  9.870820e-02
 127  5.369604e-01  1.932582e-02  1.244927e-01  1.834674e+00  9.568023e-02  2.754518e-01  2.041181e-01
 128  4.135802e-01  2.242783e-02  1.308567e-01  1.834674e+00  9.568023e-02  2.752166e-01  3.032416e-01
 129  4.083473e-01  2.234524e-02  1.234033e-01  1.834674e+00  9.568023e-02  2.762038e-01  4.026740e-01
 130  2.394591e-01  1.276144e-02  7.482850e-02  1.834674e+00  9.568023e-02  2.771728e-01  5.220291e-01
 131  1.048162e-01  7.653945e-03  3.045324e-02  1.834674e+00  9.568023e-02  2.790042e-01  7.010996e-01
 132  2.840744e-02  3.490733e-03  6.776021e-03  1.834674e+00  9.568023e-02  2.823128e-01  9.557735e-01
 133  1.424292e-01  5.894345e-03  2.609483e-02  1.834674e+00  9.568023e-02  3.344825e-01  1.004411e-01
 134  3.980947e-01  1.188287e-02  1.165265e-01  1.834674e+00  9.568023e-02  3.352457e-01  2.041276e-01
 135  5.565458e-01  1.370673e-02  1.322472e-01  1.834674e+00  9.568023e-02  3.359805e-01  3.011259e-01
 136  3.158926e-01  1.468768e-02  1.244498e-01  1.834674e+00  9.568023e-02  3.351061e-01  3.979405e-01
 137  1.443025e-01  9.658563e-03  8.948098e-02  1.834674e+00  9.568023e-02  3.378521e-01  5.197608e-01
 138  1.376967e-01  5.479832e-03  4.283636e-02  1.834674e+00  9.568023e-02  3.389156e-01  6.901946e-01
 139  3.031950e-02  1.991110e-03  7.954568e-03  1.834674e+00  9.568023e-02  3.410970e-01  9.393211e-01
 140  7.048304e-02  3.628213e-03  1.286568e-02  1.834674e+00  9.568023e-02  4.202692e-01  1.014475e-01
 141  1.389466e-01  6.973195e-03  7.769406e-02  1.834674e+00  9.568023e-02  4.227288e-01  2.015781e-01
 142  3.111471e-01  9.459166e-03  9.737201e-02  1.834674e+00  9.568023e-02  4.222373e-01  3.003577e-01
 143  1.537122e-01  1.097547e-02  1.046286e-01  1.834674e+00  9.568023e-02  4.222144e-01  3.986372e-01
 144  2.724177e-01  8.424732e-03  8.946491e-02  1.834674e+00  9.568023e-02  4.245970e-01  5.224242e-01
 145  8.808476e-02  4.652195e-03  4.194857e-02  1.834674e+00  9.568023e-02  4.232847e-01  6.872245e-01
 146  2.823372e-02  1.388949e-03  8.263091e-03  1.834674e+00  9.568023e-02  4.334950e-01  9.351932e-01
 147  7.073187e-02  2.858850e-03  1.745840e-02  1.834674e+00  9.568023e-02  5.299974e-01  1.014972e-01
 148  4.516740e-02  5.085169e-03  3.022541e-02  1.834674e+00  9.568023e-02  5.332181e-01  2.034285e-01
 149  1.592619e-01  7.040918e-03  1.716522e-02  1.834674e+00  9.568023e-02  5.333937e-01  3.013650e-01
 150  1.588923e-01  8.108498e-03  1.744433e-02  1.834674e+00  9.568023e-02  5.324705e-01  3.999760e-01
 151  1.621770e-01  6.517494e-03  1.810394e-02  1.834674e+00  9.568023e-02  5.350358e-01  5.198108e-01
 152  7.960162e-02  4.538063e-03  8.084670e-03  1.834674e+00  9.568023e-02  5.395566e-01  6.931861e-01
 153  2.607470e-02  1.417322e-03  1.898279e-03  1.834674e+00  9.568023e-02  5.348394e-01  9.283121e-01
 154  1.669106e-02  1.655731e-03  1.535928e-03  1.834674e+00  9.568023e-02  6.840836e-01  1.037771e-01
 155  5.583228e-02  3.104349e-03  1.746666e-02  1.834674e+00  9.568023e-02  6.826442e-01  2.014440e-01
 156  5.100266e-02  3.682930e-03  7.523602e-03  1.834674e+00  9.568023e-02  6.877778e-01  3.038630e-01
 157  8.808611e-02  4.152872e-03  1.582123e-02  1.834674e+00  9.568023e-02  6.828410e-01  3.999407e-01
 158  1.191429e-01  3.686318e-03  3.604864e-02  1.834674e+00  9.568023e-02  6.884870e-01  5.229900e-01
 159  8.105645e-02  2.974532e-03  1.592529e-02  1.834674e+00  9.568023e-02  6.876344e-01  6.961801e-01
 160  2.949166e-02  1.072072e-03  4.364170e-03  1.834674e+00  9.568023e-02  6.896745e-01  9.271303e-01
 161  4.792168e-03  6.769423e-04  1.662400e-03  1.834674e+00  9.568023e-02  8.676765e-01  9.678094e-02
 162  2.011175e-02  1.441769e-03  5.460416e-03  1.834674e+00  9.568023e-02  8.779527e-01  2.010663e-01
 163  2.080782e-02  1.658254e-03  2.513618e-03  1.834674e+00  9.568023e-02  8.722211e-01  3.010118e-01
 164  2.183003e-02  1.879071e-03  4.403600e-03  1.834674e+00  9.568023e-02  8.650827e-01  4.012632e-01
 165  2.341330e-02  1.340591e-03  1.007813e-02  1.834674e+00  9.568023e-02  8.642535e-01  5.230707e-01
 166  1.310820e-02  8.860036e-04  2.792063e-03  1.834674e+00  9.568023e-02  8.653808e-01  6.985447e-01
 167  7.393762e-03  4.423075e-04  1.302510e-03  1.834674e+00  9.568023e-02  8.532641e-01  9.039617e-01
 168  3.540018e-01  2.012387e-02  8.274015e-02  2.882131e+00  1.519989e-01  1.438539e-01  9.954748e-02
 169  8.251850e-01  4.120633e-02  1.444466e-01  2.882131e+00  1.519989e-01  1.438305e-01  2.014305e-01
 170  6.291113e-01  4.946068e-02  2.419687e-01  2.882131e+00  1.519989e-01  1.427580e-01  3.006893e-01
 171  9.187064e-01  4.945784e-02  2.047441e-01  2.882131e+00  1.519989e-01  1.430260e-01  4.057784e-01
 172  5.043977e-01  3.973404e-02  1.458583e-01  2.882131e+00  1.519989e-01  1.461794e-01  5.197005e-01
 173  9.620001e-02  2.984173e-02  6.200632e-02  2.882131e+00  1.519989e-01  1.558673e-01  6.901832e-01
 174 -3.550408e-03  1.805054e-02  9.856708e-03  2.882131e+00  1.519989e-01  1.617720e-01  8.871812e-01
 175  3.836891e-01  1.540522e-02  1.168656e-01  2.882131e+00  1.519989e-01  2.253823e-01  1.013052e-01
 176  4.983742e-01  2.944380e-02  7.286812e-02  2.882131e+00  1.519989e-01  2.231156e-01  1.996202e-01
 177  4.242798e-01  3.169747e-02  6.826699e-02  2.882131e+00  1.519989e-01  2.242979e-01  2.975517e-01
 178  4.603194e-01  3.429920e-02  6.856051e-02  2.882131e+00  1.519989e-01  2.236481e-01  3.990022e-01
 179  3.721150e-01  2.104618e-02  4.088655e-02  2.882131e+00  1.519989e-01  2.253570e-01  5.183773e-01
 180  1.903757e-01  1.746216e-02  2.179161e-02  2.882131e+00  1.519989e-01  2.235525e-01  6.919742e-01
 181  2.419787e-02  8.267526e-03  3.737290e-03  2.882131e+00  1.519989e-01  2.181856e-01  8.932338e-01
 182  3.423736e-01  1.248713e-02  7.342632e-02  2.882131e+00  1.519989e-01  2.744165e-01  9.967642e-02
 183  2.960886e-01  2.223482e-02  1.143814e-01  2.882131e+00  1.519989e-01  2.747613e-01  2.016838e-01
 184  5.672980e-01  2.777539e-02  1.347467e-01  2.882131e+00  1.519989e-01  2.744047e-01  3.001312e-01
 185  3.245509e-01  2.683285e-02  1.041808e-01  2.882131e+00  1.519989e-01  2.760568e-01  3.982917e-01
 186  2.393247e-01  1.856307e-02  7.633147e-02  2.882131e+00  1.519989e-01  2.743473e-01  5.187530e-01
 187  1.639369e-01  1.244895e-02  6.054471e-02  2.882131e+00  1.519989e-01  2.798699e-01  6.945388e-01
 188  3.373421e-02  4.371198e-03  8.601264e-03  2.882131e+00  1.519989e-01  2.739266e-01  9.108935e-01
 189  1.582093e-01  7.311150e-03  3.289703e-02  2.882131e+00  1.519989e-01  3.356744e-01  9.977211e-02
 190  3.079211e-01  1.367393e-02  1.203723e-01  2.882131e+00  1.519989e-01  3.352792e-01  2.021219e-01
 191  3.493354e-01  1.657053e-02  1.260126e-01  2.882131e+00  1.519989e-01  3.360477e-01  3.024788e-01
 192  2.284861e-01  1.790674e-02  1.203854e-01  2.882131e+00  1.519989e-01  3.357144e-01  4.012563e-01
 193  6.086667e-02  1.311516e-02  9.965401e-02  2.882131e+00  1.519989e-01  3.361681e-01  5.172087e-01
 194  7.044660e-02  7.159625e-03  3.880236e-02  2.882131e+00  1.519989e-01  3.365671e-01  6.848027e-01
 195  1.791819e-02  2.287543e-03  6.668893e-03  2.882131e+00  1.519989e-01  3.354758e-01  9.221819e-01
 196  8.863313e-02  4.446506e-03  1.813717e-02  2.882131e+00  1.519989e-01  4.183822e-01  9.827820e-02
 197  2.755400e-01  9.029349e-03  8.076328e-02  2.882131e+00  1.519989e-01  4.214833e-01  2.019818e-01
 198  2.191190e-01  1.086745e-02  9.814240e-02  2.882131e+00  1.519989e-01  4.218379e-01  3.012584e-01
 199  3.699984e-01  1.262080e-02  9.775209e-02  2.882131e+00  1.519989e-01  4.197471e-01  4.011795e-01
 200  3.805709e-02  9.720507e-03  7.770862e-02  2.882131e+00  1.519989e-01  4.205341e-01  5.195454e-01
 201  1.116046e-01  6.301618e-03  4.437817e-02  2.882131e+00  1.519989e-01  4.263434e-01  6.852849e-01
 202  1.145817e-02  1.868530e-03  7.891939e-03  2.882131e+00  1.519989e-01  4.196338e-01  9.144694e-01
 203  2.620187e-02  3.510849e-03  1.833146e-02  2.882131e+00  1.519989e-01  5.296097e-01  1.026676e-01
 204  8.784745e-02  6.673860e-03  2.561563e-02  2.882131e+00  1.519989e-01  5.329051e-01  2.024130e-01
 205  7.792905e-02  7.769462e-03  3.134893e-02  2.882131e+00  1.519989e-01  5.327300e-01  2.984584e-01
 206  1.456367e-01  9.132672e-03  3.664850e-02  2.882131e+00  1.519989e-01  5.355825e-01  3.980681e-01
 207  1.189333e-01  7.368616e-03  3.068912e-02  2.882131e+00  1.519989e-01  5.341857e-01  5.225556e-01
 208  1.057748e-01  5.498442e-03  2.841361e-02  2.882131e+00  1.519989e-01  5.334614e-01  6.836656e-01
 209  2.214703e-02  1.690222e-03  5.336687e-03  2.882131e+00  1.519989e-01  5.380746e-01  9.181759e-01
 210  2.547318e-02  2.169428e-03  7.263684e-03  2.882131e+00  1.519989e-01  6.838770e-01  1.041645e-01
 211  3.045888e-02  3.945760e-03  1.883657e-02  2.882131e+00  1.519989e-01  6.847567e-01  2.060482e-01
 212  6.217137e-02  4.841852e-03  1.016214e-02  2.882131e+00  1.519989e-01  6.866759e-01  3.012427e-01
 213  7.572491e-02  4.988367e-03  1.537403e-02  2.882131e+00  1.519989e-01  6.858937e-01  3.989941e-01
 214  7.339843e-02  3.468773e-03  2.516578e-02  2.882131e+00  1.519989e-01  6.870142e-01  5.245556e-01
 215  4.253259e-02  3.031609e-03  1.083761e-02  2.882131e+00  1.519989e-01  6.887344e-01  6.934883e-01
 216  1.896032e-02  1.364013e-03  4.450619e-03  2.882131e+00  1.519989e-01  6.909743e-01  9.257864e-01
 217  8.318773e-03  8.509846e-04  1.343185e-03  2.882131e+00  1.519989e-01  8.806495e-01  1.018206e-01
 218  1.123521e-02  1.510384e-03  3.963203e-03  2.882131e+00  1.519989e-01  8.664594e-01  2.077843e-01
 219  1.724125e-02  1.961214e-03  3.228993e-03  2.882131e+00  1.519989e-01  8.789780e-01  3.000363e-01
 220  9.575986e-03  1.922414e-03  3.972397e-03  2.882131e+00  1.519989e-01  8.724461e-01  3.970383e-01
 221  1.166969e-02  1.448328e-03  6.833832e-03  2.882131e+00  1.519989e-01  8.675789e-01  5.160268e-01
 222  9.360757e-03  1.086922e-03  2.620480e-03  2.882131e+00  1.519989e-01  8.658775e-01  6.892450e-01
 223  3.107257e-03  3.010438e-04  5.646862e-04  2.882131e+00  1.519989e-01  8.562692e-01  9.541869e-01
 224  4.680301e-01  3.714945e-02  7.099817e-02  5.223411e+00  2.530129e-01  1.439838e-01  1.034721e-01
 225  7.668512e-01  7.323584e-02  7.249269e-02  5.223411e+00  2.530129e-01  1.438676e-01  2.003847e-01
 226  8.664565e-01  9.484834e-02  1.888565e-01  5.223411e+00  2.530129e-01  1.440470e-01  3.004338e-01
 227  7.443717e-01  1.013120e-01  4.942788e-02  5.223411e+00  2.530129e-01  1.432581e-01  4.003183e-01
 228  5.263472e-01  6.909413e-02  6.223026e-02  5.223411e+00  2.530129e-01  1.467086e-01  5.136794e-01
 229  1.944892e-01  5.514733e-02  1.190075e-02  5.223411e+00  2.530129e-01  1.551147e-01  6.907254e-01
 230  1.751282e-01  7.156590e-02  7.045378e-03  5.224152e+00  2.530245e-01  1.632253e-01  8.975317e-01
 231  2.712075e-01  2.535844e-02  1.726350e-02  5.223411e+00  2.530129e-01  2.253175e-01  1.002428e-01
 232  1.089004e+00  4.854895e-02  2.443649e-01  5.223411e+00  2.530129e-01  2.254307e-01  2.003508e-01
 233  4.713484e-01  5.494150e-02  8.012176e-02  5.223411e+00  2.530129e-01  2.254852e-01  2.978262e-01
 234  5.101961e-01  6.977081e-02  1.116576e-01  5.223411e+00  2.530129e-01  2.223266e-01  4.000392e-01
 235  5.259950e-01  4.412185e-02  1.182791e-01  5.223411e+00  2.530129e-01  2.243777e-01  5.208370e-01
 236  2.166380e-01  3.121852e-02  4.022568e-02  5.223411e+00  2.530129e-01  2.263498e-01  6.767541e-01
 237  4.738009e-02  2.866626e-02  1.751690e-02  5.220033e+00  2.530312e-01  2.268044e-01  9.202820e-01
 238  3.352870e-01  2.091665e-02  6.670698e-02  5.223411e+00  2.530129e-01  2.733261e-01  9.531710e-02
 239  3.732859e-01  3.372800e-02  9.621717e-02  5.223411e+00  2.530129e-01  2.730770e-01  2.006803e-01
 240  4.833543e-01  4.593015e-02  7.636803e-02  5.223411e+00  2.530129e-01  2.745195e-01  2.995657e-01
 241  5.106980e-01  5.015415e-02  1.575890e-01  5.223411e+00  2.530129e-01  2.722550e-01  3.987054e-01
 242  2.532386e-01  3.707102e-02  2.082315e-02  5.223411e+00  2.530129e-01  2.733409e-01  5.178924e-01
 243  8.730845e-02  2.319642e-02  4.684013e-02  5.223411e+00  2.530129e-01  2.704085e-01  6.891560e-01
 244  1.150651e-02  9.973145e-03  1.359163e-02  5.223411e+00  2.530129e-01  2.688257e-01  9.165945e-01
 245  9.651376e-02  1.275511e-02  6.015337e-02  5.223411e+00  2.530129e-01  3.359165e-01  1.000327e-01
 246  2.360831e-01  2.266975e-02  5.732986e-02  5.223411e+00  2.530129e-01  3.337990e-01  2.020988e-01
 247  1.923105e-01  2.596415e-02  8.220083e-02  5.223411e+00  2.530129e-01  3.371332e-01  3.003079e-01
 248  1.441875e-01  3.074636e-02  7.891095e-02  5.223411e+00  2.530129e-01  3.364866e-01  3.982960e-01
 249  1.788354e-01  2.080447e-02  3.267981e-02  5.223411e+00  2.530129e-01  3.373946e-01  5.166798e-01
 250  1.810920e-01  1.662361e-02  6.255886e-02  5.223411e+00  2.530129e-01  3.345234e-01  6.894501e-01
 251  2.985505e-02  4.854831e-03  1.227710e-02  5.223411e+00  2.530129e-01  3.379702e-01  9.481172e-01
 252  1.074712e-01  8.721386e-03  4.659701e-02  5.223411e+00  2.530129e-01  4.206970e-01  1.014143e-01
 253  1.910249e-01  1.459098e-02  3.032910e-02  5.223411e+00  2.530129e-01  4.201892e-01  2.030800e-01
 254  2.179971e-01  1.830160e-02  6.704166e-02  5.223411e+00  2.530129e-01  4.208429e-01  3.016486e-01
 255  3.999247e-01  2.067764e-02  7.595460e-02  5.223411e+00  2.530129e-01  4.201684e-01  3.966529e-01
 256  1.874429e-01  1.517504e-02  2.873098e-02  5.223411e+00  2.530129e-01  4.244116e-01  5.199684e-01
 257  1.040193e-01  1.031989e-02  4.379638e-02  5.223411e+00  2.530129e-01  4.209809e-01  6.839618e-01
 258  1.621618e-02  3.043214e-03  8.897456e-03  5.223411e+00  2.530129e-01  4.207049e-01  9.001573e-01
 259  1.030646e-01  6.061694e-03  2.689419e-02  5.223411e+00  2.530129e-01  5.264706e-01  1.034310e-01
 260  1.161448e-01  1.267721e-02  4.072803e-02  5.223411e+00  2.530129e-01  5.328495e-01  2.035166e-01
 261  1.780085e-01  1.472136e-02  4.434492e-02  5.223411e+00  2.530129e-01  5.327857e-01  3.006497e-01
 262  1.531256e-01  1.536901e-02  4.775584e-02  5.223411e+00  2.530129e-01  5.328237e-01  3.978332e-01
 263  1.440887e-01  1.061917e-02  3.650039e-02  5.223411e+00  2.530129e-01  5.346860e-01  5.220701e-01
 264  9.286867e-02  8.328864e-03  2.743702e-02  5.223411e+00  2.530129e-01  5.367124e-01  6.872017e-01
 265  2.302580e-02  2.944222e-03  5.369102e-03  5.223411e+00  2.530129e-01  5.389747e-01  9.407634e-01
 266  1.796629e-02  3.579915e-03  1.019119e-02  5.223411e+00  2.530129e-01  6.807365e-01  9.826187e-02
 267  5.193403e-02  7.756392e-03  2.350515e-02  5.223411e+00  2.530129e-01  6.920559e-01  2.042085e-01
 268  8.372940e-02  9.322431e-03  3.431396e-02  5.223411e+00  2.530129e-01  6.791263e-01  2.971577e-01
 269  7.100649e-02  9.249386e-03  2.213809e-02  5.223411e+00  2.530129e-01  6.899662e-01  3.961767e-01
 270  8.143599e-02  6.232117e-03  1.005503e-02  5.223411e+00  2.530129e-01  6.817913e-01  5.198061e-01
 271  5.718265e-02  4.391971e-03  1.500576e-02  5.223411e+00  2.530129e-01  6.840169e-01  6.876340e-01
 272  1.564673e-02  1.742684e-03  4.261907e-03  5.223411e+00  2.530129e-01  6.863748e-01  9.378837e-01
 273  7.348898e-03  1.311345e-03  2.259092e-03  5.223411e+00  2.530129e-01  8.742815e-01  1.002223e-01
 274  1.744099e-02  2.862085e-03  5.608042e-03  5.223411e+00  2.530129e-01  8.791426e-01  1.965926e-01
 275  2.240997e-02  3.865613e-03  9.243300e-03  5.223411e+00  2.530129e-01  8.742895e-01  3.032302e-01
 276  1.203423e-02  3.854455e-03  5.781975e-03  5.223411e+00  2.530129e-01  8.769571e-01  3.977638e-01
 277  7.945759e-03  2.365171e-03  2.202050e-03  5.223411e+00  2.530129e-01  8.730220e-01  5.272693e-01
 278  1.662615e-02  1.797198e-03  4.193644e-03  5.223411e+00  2.530129e-01  8.593487e-01  6.937586e-01
 279  3.506868e-03  7.557551e-04  1.209345e-03  5.223411e+00  2.530129e-01  8.508691e-01  9.246273e-01
 280  1.852686e-01  1.492272e-01  7.289904e-02  9.202431e+00  4.090416e-01  1.477019e-01  1.179560e-01
 281  6.244429e-01  3.687821e-01  2.377419e-02  9.206077e+00  4.092912e-01  1.512700e-01  1.785903e-01
 282  1.507884e-01  4.069013e-01  2.313041e-01  9.202431e+00  4.090416e-01  1.392956e-01  3.013115e-01
 283  4.206956e-01  4.168032e-01  5.246831e-02  9.202431e+00  4.090416e-01  1.603002e-01  3.741179e-01
 284  2.413163e-01  2.655205e-01  1.469782e-01  9.202431e+00  4.090416e-01  1.469746e-01  5.031012e-01
 285  4.879127e-01  2.702737e-01  3.785325e-02  9.205912e+00  4.090672e-01  1.421926e-01  6.589838e-01
 286  1.519194e-01  7.690932e-02  1.189410e-02  9.202431e+00  4.090416e-01  2.189617e-01  9.720246e-02
 287  6.712224e-01  1.790758e-01  3.496561e-01  9.202431e+00  4.090416e-01  2.238201e-01  2.029727e-01
 288  1.263866e-01  2.034854e-01  2.121377e-01  9.202431e+00  4.090416e-01  2.174150e-01  3.134385e-01
 289  1.251787e+00  2.988088e-01  1.656663e-01  9.205912e+00  4.090672e-01  2.207344e-01  3.987979e-01
 290  2.703183e-01  1.706712e-01  1.888380e-01  9.202431e+00  4.090416e-01  2.172911e-01  5.072445e-01
 291  4.085249e-01  1.457487e-01  1.184158e-01  9.202431e+00  4.090416e-01  2.240688e-01  6.816174e-01
 292  2.058743e-01  1.066967e-01  3.974087e-02  9.202431e+00  4.090416e-01  2.213059e-01  9.715791e-01
 293  2.129296e-01  7.032173e-02  6.218805e-02  9.202431e+00  4.090416e-01  2.766793e-01  1.040432e-01
 294  4.774847e-01  1.138517e-01  9.555867e-02  9.202431e+00  4.090416e-01  2.777625e-01  2.085198e-01
 295  3.225918e-01  1.491888e-01  8.938635e-02  9.205912e+00  4.090672e-01  2.759135e-01  2.954418e-01
 296  6.547086e-01  1.862626e-01  1.506288e-01  9.205912e+00  4.090672e-01  2.724523e-01  3.955084e-01
 297  5.098702e-01  1.393044e-01  3.279156e-02  9.205912e+00  4.090672e-01  2.725077e-01  5.198229e-01
 298  2.754388e-01  1.298634e-01  1.157957e-01  9.194020e+00  4.087998e-01  2.727503e-01  7.065763e-01
 299 -7.788950e-02  1.636118e-01  1.214634e-02  9.156797e+00  4.087069e-01  2.931280e-01  1.054383e+00
 300  1.464418e-01  4.623999e-02  6.666909e-02  9.202431e+00  4.090416e-01  3.361677e-01  9.800805e-02
 301  3.115169e-01  7.834612e-02  5.417459e-02  9.202431e+00  4.090416e-01  3.326582e-01  2.023794e-01
 302  5.186646e-01  1.002677e-01  1.153396e-01  9.205912e+00  4.090672e-01  3.360642e-01  2.980569e-01
 303  3.848082e-01  1.055848e-01  1.020435e-01  9.202431e+00  4.090416e-01  3.416619e-01  3.967399e-01
 304  7.594198e-02  6.379123e-02  2.653637e-02  9.202431e+00  4.090416e-01  3.422074e-01  5.045067e-01
 305  5.271314e-02  4.929395e-02  6.306448e-02  9.202431e+00  4.090416e-01  3.422700e-01  6.820363e-01
 306  9.060398e-02  2.128870e-02  1.805532e-02  9.202431e+00  4.090416e-01  3.329571e-01  9.802630e-01
 307  2.750829e-02  3.244086e-02  6.405039e-02  9.202431e+00  4.090416e-01  4.205914e-01  1.071797e-01
 308  2.234587e-01  5.568744e-02  3.753342e-02  9.202431e+00  4.090416e-01  4.230687e-01  2.016468e-01
 309  2.521547e-01  6.998582e-02  8.066468e-02  9.202431e+00  4.090416e-01  4.230941e-01  2.998586e-01
 310  3.274691e-01  7.394790e-02  7.639753e-02  9.202431e+00  4.090416e-01  4.235469e-01  3.959755e-01
 311  3.030920e-01  5.880908e-02  3.857117e-02  9.202431e+00  4.090416e-01  4.194293e-01  5.230835e-01
 312  1.871456e-01  4.072522e-02  7.135298e-02  9.202431e+00  4.090416e-01  4.240763e-01  6.925084e-01
 313 -1.642770e-02  1.291617e-02  5.402306e-03  9.194020e+00  4.087998e-01  4.273493e-01  8.671963e-01
 314  9.563777e-02  2.205566e-02  2.605806e-02  9.202431e+00  4.090416e-01  5.437429e-01  8.938051e-02
 315  8.478650e-02  4.892088e-02  5.479262e-02  9.202431e+00  4.090416e-01  5.303923e-01  1.962116e-01
 316  1.245647e-01  5.302841e-02  4.285632e-02  9.202431e+00  4.090416e-01  5.351580e-01  2.991563e-01
 317  2.628098e-01  5.409073e-02  5.287340e-02  9.205912e+00  4.090672e-01  5.390759e-01  4.013062e-01
 318  9.158285e-02  3.443502e-02  3.160562e-02  9.202431e+00  4.090416e-01  5.334725e-01  5.127518e-01
 319  2.303029e-02  2.611372e-02  2.182555e-02  9.202431e+00  4.090416e-01  5.237191e-01  6.934433e-01
 320  2.458266e-02  8.506127e-03  7.777868e-03  9.202431e+00  4.090416e-01  5.353631e-01  9.232142e-01
 321  2.152546e-02  1.271760e-02  1.332827e-02  9.202431e+00  4.090416e-01  6.725228e-01  1.059945e-01
 322  1.128882e-01  2.736301e-02  3.219768e-02  9.205912e+00  4.090672e-01  6.787021e-01  1.983015e-01
 323  1.223295e-01  2.974840e-02  2.150786e-02  9.205912e+00  4.090672e-01  6.824740e-01  2.883788e-01
 324  8.205251e-02  2.922318e-02  2.181510e-02  9.202431e+00  4.090416e-01  6.648024e-01  3.934518e-01
 325  7.899538e-02  3.086285e-02  2.266727e-02  9.214643e+00  4.093928e-01  6.829716e-01  5.199018e-01
 326  9.071547e-02  1.490994e-02  2.131677e-02  9.202431e+00  4.090416e-01  6.794189e-01  6.920894e-01
 327  1.636815e-03  5.018456e-03  3.522508e-03  9.205912e+00  4.090672e-01  6.953573e-01  9.252778e-01
 328  2.803005e-03  8.344374e-03  4.580572e-03  9.206077e+00  4.092912e-01  8.723032e-01  1.272656e-01
 329  4.862493e-03  8.992042e-03  4.025633e-03  9.202431e+00  4.090416e-01  9.045663e-01  2.095583e-01
 330  2.588448e-02  1.399849e-02  1.414362e-02  9.202431e+00  4.090416e-01  8.943490e-01  2.882946e-01
 331  1.261905e-02  2.184571e-02  1.728891e-03  9.194020e+00  4.087998e-01  8.892420e-01  3.964515e-01
 332  4.952332e-03  1.278112e-02  1.070141e-02  9.202431e+00  4.090416e-01  8.466839e-01  5.050645e-01
 333  2.426260e-02  7.325744e-03  3.365968e-03  9.202431e+00  4.090416e-01  8.755272e-01  6.944869e-01
 334  2.649136e-02  7.647948e-03  5.244243e-03  9.199082e+00  4.088124e-01  8.178741e-01  9.109527e-01
