   0  3.342350e+00  5.016465e-02  4.982168e-01  1.250269e+00  3.752505e-02  1.509102e-01  1.104111e-01
   1  8.821492e+00  6.337268e-02  5.313309e-01  1.250269e+00  3.752505e-02  1.548277e-01  2.226635e-01
   2  9.101702e+00  6.217370e-02  4.119110e-01  1.250269e+00  3.752505e-02  1.564604e-01  3.287458e-01
   3  6.686534e+00  6.104510e-02  2.614694e-01  1.250269e+00  3.752505e-02  1.589897e-01  4.397235e-01
   4  4.279817e+00  5.202488e-02  3.266121e-01  1.250269e+00  3.752505e-02  1.615771e-01  5.778117e-01
   5  1.740097e+00  5.265482e-02  3.067720e-01  1.250269e+00  3.752505e-02  1.665684e-01  7.812505e-01
   6  1.036324e-01  5.030301e-02  3.934285e-02  1.250392e+00  3.752366e-02  1.690838e-01  1.034574e+00
   7  1.734203e+00  4.855840e-02  8.794667e-02  1.250269e+00  3.752505e-02  2.287176e-01  1.037035e-01
   8  3.776172e+00  6.812956e-02  2.427637e-01  1.250269e+00  3.752505e-02  2.333520e-01  2.124866e-01
   9  4.387870e+00  6.424602e-02  3.481957e-01  1.250269e+00  3.752505e-02  2.352547e-01  3.159130e-01
  10  4.591045e+00  5.769644e-02  3.409993e-01  1.250269e+00  3.752505e-02  2.372395e-01  4.223607e-01
  11  2.999740e+00  3.836837e-02  1.295210e-01  1.250269e+00  3.752505e-02  2.414499e-01  5.588681e-01
  12  1.321914e+00  2.606083e-02  1.289586e-01  1.250269e+00  3.752505e-02  2.473463e-01  7.520168e-01
  13  2.407086e-01  1.459120e-02  2.507477e-02  1.250269e+00  3.752505e-02  2.491446e-01  1.028318e+00
  14  1.250333e+00  4.269664e-02  4.530847e-02  1.250269e+00  3.752505e-02  2.799762e-01  1.036415e-01
  15  2.051375e+00  5.686623e-02  2.363583e-01  1.250269e+00  3.752505e-02  2.846211e-01  2.118850e-01
  16  2.476768e+00  5.770577e-02  3.538712e-01  1.250269e+00  3.752505e-02  2.856892e-01  3.148078e-01
  17  3.232375e+00  5.119835e-02  3.388365e-01  1.250269e+00  3.752505e-02  2.854939e-01  4.162685e-01
  18  2.187036e+00  3.288640e-02  1.831297e-01  1.250269e+00  3.752505e-02  2.887204e-01  5.462692e-01
  19  1.094730e+00  2.064319e-02  5.870686e-02  1.250269e+00  3.752505e-02  2.973627e-01  7.424863e-01
  20  2.300611e-01  8.637716e-03  1.226922e-02  1.250269e+00  3.752505e-02  3.021026e-01  1.024651e+00
  21  6.956427e-01  2.605571e-02  4.825502e-02  1.250269e+00  3.752505e-02  3.359652e-01  1.008722e-01
  22  1.810025e+00  3.597395e-02  1.923145e-01  1.250269e+00  3.752505e-02  3.414715e-01  2.077330e-01
  23  1.698243e+00  3.600237e-02  2.654110e-01  1.250269e+00  3.752505e-02  3.439369e-01  3.103966e-01
  24  1.651453e+00  3.540718e-02  2.939313e-01  1.250269e+00  3.752505e-02  3.470800e-01  4.140658e-01
  25  1.940096e+00  2.282856e-02  1.956647e-01  1.250269e+00  3.752505e-02  3.484627e-01  5.404285e-01
  26  7.801287e-01  1.368696e-02  3.014415e-02  1.250269e+00  3.752505e-02  3.536769e-01  7.214899e-01
  27  2.078598e-01  5.213436e-03  8.056448e-03  1.250269e+00  3.752505e-02  3.605508e-01  9.958660e-01
  28  3.971587e-01  1.770867e-02  4.329600e-02  1.250269e+00  3.752505e-02  4.252024e-01  1.040360e-01
  29  8.536921e-01  2.388196e-02  1.263970e-01  1.250269e+00  3.752505e-02  4.251895e-01  2.056777e-01
  30  1.086498e+00  2.309990e-02  1.864871e-01  1.250269e+00  3.752505e-02  4.289906e-01  3.087638e-01
  31  9.941133e-01  2.355963e-02  2.123095e-01  1.250269e+00  3.752505e-02  4.298802e-01  4.100146e-01
  32  9.416211e-01  1.624438e-02  1.505201e-01  1.250269e+00  3.752505e-02  4.312419e-01  5.334893e-01
  33  5.014296e-01  9.685521e-03  3.760154e-02  1.250269e+00  3.752505e-02  4.332004e-01  7.085244e-01
  34  1.836942e-01  3.809941e-03  1.174624e-02  1.250269e+00  3.752505e-02  4.400492e-01  9.665702e-01
  35  9.524976e-02  9.121035e-03  1.919456e-02  1.250269e+00  3.752505e-02  5.341099e-01  1.028912e-01
  36  3.280313e-01  1.472224e-02  6.982934e-02  1.250269e+00  3.752505e-02  5.348628e-01  2.064932e-01
  37  4.619369e-01  1.455901e-02  9.325092e-02  1.250269e+00  3.752505e-02  5.369749e-01  3.048847e-01
  38  6.629001e-01  1.449180e-02  1.084987e-01  1.250269e+00  3.752505e-02  5.391858e-01  4.060098e-01
  39  3.879831e-01  1.069428e-02  9.526136e-02  1.250269e+00  3.752505e-02  5.414914e-01  5.311465e-01
  40  2.780761e-01  7.121245e-03  3.289643e-02  1.250269e+00  3.752505e-02  5.415266e-01  7.024082e-01
  41  1.368439e-01  2.659306e-03  1.092913e-02  1.250269e+00  3.752505e-02  5.447605e-01  9.563616e-01
  42  4.660272e-02  3.886206e-03  7.112834e-03  1.250269e+00  3.752505e-02  6.927300e-01  1.009989e-01
  43  2.126948e-01  6.509430e-03  2.734651e-02  1.250269e+00  3.752505e-02  6.961966e-01  2.052945e-01
  44  1.986347e-01  6.774300e-03  4.356980e-02  1.250269e+00  3.752505e-02  6.909164e-01  3.035252e-01
  45  2.429828e-01  6.851237e-03  4.691579e-02  1.250269e+00  3.752505e-02  6.877514e-01  4.015778e-01
  46  1.592645e-01  4.927928e-03  3.471485e-02  1.250269e+00  3.752505e-02  6.882443e-01  5.260225e-01
  47  1.566049e-01  3.913501e-03  1.528789e-02  1.250269e+00  3.752505e-02  6.838881e-01  6.936255e-01
  48  5.925237e-02  1.636963e-03  6.175585e-03  1.250269e+00  3.752505e-02  6.884675e-01  9.510005e-01
  49  2.033524e-02  1.088660e-03  2.001610e-03  1.250269e+00  3.752505e-02  8.743570e-01  9.260683e-02
  50  3.427131e-02  2.058421e-03  6.332205e-03  1.250269e+00  3.752505e-02  8.810219e-01  1.989952e-01
  51  3.225190e-02  1.980039e-03  5.967718e-03  1.250269e+00  3.752505e-02  8.732069e-01  2.986359e-01
  52  2.706807e-02  1.842193e-03  5.147015e-03  1.250269e+00  3.752505e-02  8.661959e-01  4.018320e-01
  53  2.291618e-02  1.624940e-03  3.775386e-03  1.250269e+00  3.752505e-02  8.636786e-01  5.170690e-01
  54  1.578481e-02  1.281851e-03  1.605825e-03  1.250269e+00  3.752505e-02  8.615321e-01  6.780825e-01
  55  9.946323e-03  8.591861e-04  8.468602e-04  1.250269e+00  3.752505e-02  8.590686e-01  9.588761e-01
  56  3.598967e+00  4.322701e-02  6.404616e-01  1.517162e+00  6.102772e-02  1.443742e-01  1.048010e-01
  57  7.109571e+00  6.597386e-02  8.702843e-01  1.517162e+00  6.102772e-02  1.467474e-01  2.108918e-01
  58  9.508965e+00  6.568872e-02  6.636322e-01  1.517162e+00  6.102772e-02  1.488969e-01  3.129125e-01
  59  6.499744e+00  6.272875e-02  4.664906e-01  1.517162e+00  6.102772e-02  1.517834e-01  4.190171e-01
  60  3.824362e+00  5.162258e-02  3.720247e-01  1.517162e+00  6.102772e-02  1.546776e-01  5.550229e-01
  61  1.532699e+00  5.072907e-02  2.445954e-01  1.517162e+00  6.102772e-02  1.584326e-01  7.420438e-01
  62  3.062009e-01  4.473387e-02  3.710858e-02  1.517425e+00  6.102866e-02  1.667968e-01  9.803013e-01
  63  1.594732e+00  3.017169e-02  1.519995e-01  1.517162e+00  6.102772e-02  2.247847e-01  1.011647e-01
  64  3.917858e+00  5.355981e-02  1.499373e-01  1.517162e+00  6.102772e-02  2.256570e-01  2.053781e-01
  65  4.378313e+00  5.968682e-02  1.648335e-01  1.517162e+00  6.102772e-02  2.275699e-01  3.057087e-01
  66  4.089048e+00  5.300161e-02  1.632115e-01  1.517162e+00  6.102772e-02  2.285505e-01  4.073006e-01
  67  2.624449e+00  3.488023e-02  5.686017e-02  1.517162e+00  6.102772e-02  2.315550e-01  5.321468e-01
  68  6.529205e-01  2.365451e-02  1.125191e-01  1.517162e+00  6.102772e-02  2.396768e-01  7.252111e-01
  69  1.561276e-01  1.261873e-02  1.924098e-02  1.517162e+00  6.102772e-02  2.456023e-01  9.923212e-01
  70  1.112236e+00  2.380634e-02  5.077230e-02  1.517162e+00  6.102772e-02  2.744569e-01  1.015526e-01
  71  2.517630e+00  4.334094e-02  1.274994e-01  1.517162e+00  6.102772e-02  2.752740e-01  2.043681e-01
  72  3.434315e+00  5.064471e-02  2.403590e-01  1.517162e+00  6.102772e-02  2.766259e-01  3.037406e-01
  73  2.793769e+00  4.762157e-02  2.173898e-01  1.517162e+00  6.102772e-02  2.781486e-01  4.054623e-01
  74  1.783307e+00  3.009169e-02  1.029512e-01  1.517162e+00  6.102772e-02  2.798794e-01  5.289009e-01
  75  8.656669e-01  1.875362e-02  5.455073e-02  1.517162e+00  6.102772e-02  2.832093e-01  7.020498e-01
  76  1.623787e-01  7.608743e-03  1.053065e-02  1.517162e+00  6.102772e-02  2.887856e-01  9.745581e-01
  77  7.431890e-01  1.472713e-02  2.798647e-02  1.517162e+00  6.102772e-02  3.342258e-01  1.005265e-01
  78  1.671653e+00  2.583268e-02  1.335373e-01  1.517162e+00  6.102772e-02  3.351675e-01  2.055726e-01
  79  2.369315e+00  3.083189e-02  2.219348e-01  1.517162e+00  6.102772e-02  3.372428e-01  3.031565e-01
  80  2.352863e+00  3.123994e-02  2.195089e-01  1.517162e+00  6.102772e-02  3.377736e-01  4.031675e-01
  81  1.407119e+00  2.087210e-02  1.285426e-01  1.517162e+00  6.102772e-02  3.412579e-01  5.275154e-01
  82  6.923803e-01  1.189583e-02  2.318246e-02  1.517162e+00  6.102772e-02  3.431324e-01  7.009587e-01
  83  1.432180e-01  4.337607e-03  4.349147e-03  1.517162e+00  6.102772e-02  3.487512e-01  9.538338e-01
  84  3.696061e-01  8.446439e-03  2.835986e-02  1.517162e+00  6.102772e-02  4.206161e-01  1.015127e-01
  85  7.735107e-01  1.538606e-02  9.962889e-02  1.517162e+00  6.102772e-02  4.211613e-01  2.030567e-01
  86  8.920565e-01  1.834440e-02  1.586276e-01  1.517162e+00  6.102772e-02  4.213588e-01  3.033921e-01
  87  1.280456e+00  1.968067e-02  1.708314e-01  1.517162e+00  6.102772e-02  4.231372e-01  4.027568e-01
  88  8.237876e-01  1.497185e-02  1.206584e-01  1.517162e+00  6.102772e-02  4.246836e-01  5.248502e-01
  89  5.368491e-01  9.365982e-03  2.164348e-02  1.517162e+00  6.102772e-02  4.290816e-01  6.975879e-01
  90  1.274706e-01  3.011837e-03  5.252184e-03  1.517162e+00  6.102772e-02  4.302497e-01  9.421213e-01
  91  1.667909e-01  5.126361e-03  1.864079e-02  1.517162e+00  6.102772e-02  5.300833e-01  1.008112e-01
  92  4.424791e-01  9.736028e-03  6.458331e-02  1.517162e+00  6.102772e-02  5.308146e-01  2.041742e-01
  93  5.486786e-01  1.119782e-02  8.246083e-02  1.517162e+00  6.102772e-02  5.343382e-01  3.025528e-01
  94  5.656889e-01  1.206717e-02  8.927379e-02  1.517162e+00  6.102772e-02  5.343987e-01  4.030503e-01
  95  5.497879e-01  1.003782e-02  8.608202e-02  1.517162e+00  6.102772e-02  5.355713e-01  5.236820e-01
  96  3.605735e-01  6.861722e-03  2.385958e-02  1.517162e+00  6.102772e-02  5.352676e-01  6.926013e-01
  97  8.590518e-02  2.325979e-03  6.497836e-03  1.517162e+00  6.102772e-02  5.412429e-01  9.377525e-01
  98  7.436682e-02  2.532354e-03  7.397657e-03  1.517162e+00  6.102772e-02  6.933543e-01  1.011273e-01
  99  1.491784e-01  4.495534e-03  2.506099e-02  1.517162e+00  6.102772e-02  6.928061e-01  2.039072e-01
 100  1.555036e-01  5.144109e-03  3.664508e-02  1.517162e+00  6.102772e-02  6.913152e-01  3.021632e-01
 101  3.125595e-01  6.018927e-03  4.765261e-02  1.517162e+00  6.102772e-02  6.912073e-01  3.995505e-01
 102  1.927904e-01  4.540857e-03  3.596384e-02  1.517162e+00  6.102772e-02  6.879780e-01  5.218417e-01
 103  1.835373e-01  3.745657e-03  1.150712e-02  1.517162e+00  6.102772e-02  6.856649e-01  6.911347e-01
 104  6.038956e-02  1.544108e-03  4.533184e-03  1.517162e+00  6.102772e-02  6.932041e-01  9.344465e-01
 105  3.171831e-02  9.455938e-04  2.959129e-03  1.517162e+00  6.102772e-02  8.946901e-01  9.820238e-02
 106  4.759793e-02  1.599835e-03  7.907633e-03  1.517162e+00  6.102772e-02  8.858265e-01  2.010015e-01
 107  7.734418e-02  1.911628e-03  1.069355e-02  1.517162e+00  6.102772e-02  8.789186e-01  2.989607e-01
 108  4.915185e-02  1.939989e-03  8.506461e-03  1.517162e+00  6.102772e-02  8.793141e-01  3.984109e-01
 109  4.082676e-02  1.388360e-03  6.401843e-03  1.517162e+00  6.102772e-02  8.691197e-01  5.193108e-01
 110  3.561994e-02  1.227264e-03  2.242107e-03  1.517162e+00  6.102772e-02  8.652191e-01  6.928489e-01
 111  1.297903e-02  5.426670e-04  7.929263e-04  1.517162e+00  6.102772e-02  8.556075e-01  9.371419e-01
 112  4.596018e+00  4.351733e-02  7.663461e-01  1.834674e+00  9.568023e-02  1.420841e-01  1.019956e-01
 113  7.487359e+00  7.489807e-02  1.142070e+00  1.834674e+00  9.568023e-02  1.434929e-01  2.054295e-01
 114  6.874002e+00  7.549556e-02  9.622940e-01  1.834674e+00  9.568023e-02  1.453562e-01  3.039196e-01
 115  6.075839e+00  6.799769e-02  6.573988e-01  1.834674e+00  9.568023e-02  1.471038e-01  4.046580e-01
 116  3.091738e+00  5.446492e-02  4.525116e-01  1.834674e+00  9.568023e-02  1.477841e-01  5.303549e-01
 117  1.394073e+00  5.101849e-02  2.435787e-01  1.834674e+00  9.568023e-02  1.570861e-01  7.251793e-01
 118  8.368316e-02  3.115978e-02  2.046331e-02  1.834674e+00  9.568023e-02  1.657153e-01  9.394899e-01
 119  1.466140e+00  2.756843e-02  2.111291e-01  1.834674e+00  9.568023e-02  2.236012e-01  1.001994e-01
 120  3.843827e+00  5.608426e-02  2.809977e-01  1.834674e+00  9.568023e-02  2.239778e-01  2.032892e-01
 121  4.431609e+00  6.656706e-02  2.525207e-01  1.834674e+00  9.568023e-02  2.246981e-01  3.024744e-01
 122  3.673523e+00  5.739391e-02  1.622766e-01  1.834674e+00  9.568023e-02  2.251838e-01  3.998591e-01
 123  2.009652e+00  3.405542e-02  1.160343e-01  1.834674e+00  9.568023e-02  2.277549e-01  5.234224e-01
 124  8.420178e-01  2.354500e-02  1.187028e-01  1.834674e+00  9.568023e-02  2.298143e-01  6.982417e-01
 125  1.119489e-01  1.219521e-02  1.931511e-02  1.834674e+00  9.568023e-02  2.329231e-01  9.603264e-01
 126  1.192191e+00  2.145897e-02  9.753964e-02  1.834674e+00  9.568023e-02  2.735603e-01  1.016009e-01
 127  2.568568e+00  4.255610e-02  1.127892e-01  1.834674e+00  9.568023e-02  2.738395e-01  2.028170e-01
 128  3.104949e+00  5.400584e-02  9.694557e-02  1.834674e+00  9.568023e-02  2.745104e-01  3.022138e-01
 129  2.622312e+00  5.042276e-02  7.972977e-02  1.834674e+00  9.568023e-02  2.743450e-01  4.000219e-01
 130  1.758526e+00  3.070802e-02  4.521615e-02  1.834674e+00  9.568023e-02  2.758860e-01  5.204878e-01
 131  6.659318e-01  1.733607e-02  6.490860e-02  1.834674e+00  9.568023e-02  2.781415e-01  6.888021e-01
 132  1.182473e-01  6.830539e-03  1.076896e-02  1.834674e+00  9.568023e-02  2.805371e-01  9.353842e-01
 133  7.577067e-01  1.267625e-02  3.935962e-02  1.834674e+00  9.568023e-02  3.348701e-01  1.013276e-01
 134  1.617364e+00  2.464383e-02  7.234596e-02  1.834674e+00  9.568023e-02  3.349779e-01  2.032193e-01
 135  2.182896e+00  3.095216e-02  1.296345e-01  1.834674e+00  9.568023e-02  3.350873e-01  3.020482e-01
 136  1.899221e+00  3.391308e-02  1.298368e-01  1.834674e+00  9.568023e-02  3.360125e-01  4.005887e-01
 137  1.307103e+00  2.204565e-02  6.219339e-02  1.834674e+00  9.568023e-02  3.361675e-01  5.200269e-01
 138  6.225193e-01  1.174717e-02  3.272407e-02  1.834674e+00  9.568023e-02  3.384726e-01  6.873302e-01
 139  1.050896e-01  3.844777e-03  5.546743e-03  1.834674e+00  9.568023e-02  3.434213e-01  9.366077e-01
 140  4.035489e-01  8.089479e-03  1.395274e-02  1.834674e+00  9.568023e-02  4.200001e-01  1.009333e-01
 141  8.311818e-01  1.487495e-02  7.013550e-02  1.834674e+00  9.568023e-02  4.203739e-01  2.030719e-01
 142  1.198560e+00  1.850978e-02  1.154769e-01  1.834674e+00  9.568023e-02  4.203166e-01  3.008107e-01
 143  9.757205e-01  2.108169e-02  1.187816e-01  1.834674e+00  9.568023e-02  4.215361e-01  4.004814e-01
 144  9.651030e-01  1.602865e-02  7.892981e-02  1.834674e+00  9.568023e-02  4.232713e-01  5.226439e-01
 145  4.495656e-01  9.309649e-03  8.786471e-03  1.834674e+00  9.568023e-02  4.262849e-01  6.874890e-01
 146  9.081618e-02  2.649873e-03  1.753880e-03  1.834674e+00  9.568023e-02  4.290696e-01  9.271216e-01
 147  2.251574e-01  5.352722e-03  1.300042e-02  1.834674e+00  9.568023e-02  5.310592e-01  1.023137e-01
 148  3.343641e-01  9.475353e-03  4.709857e-02  1.834674e+00  9.568023e-02  5.312194e-01  2.024453e-01
 149  5.735409e-01  1.174880e-02  7.537494e-02  1.834674e+00  9.568023e-02  5.319149e-01  3.012686e-01
 150  6.365085e-01  1.356994e-02  8.954063e-02  1.834674e+00  9.568023e-02  5.330657e-01  4.009289e-01
 151  5.589648e-01  1.108971e-02  6.611179e-02  1.834674e+00  9.568023e-02  5.333930e-01  5.232779e-01
 152  3.204564e-01  7.746286e-03  1.214010e-02  1.834674e+00  9.568023e-02  5.362996e-01  6.873232e-01
 153  8.954160e-02  2.365384e-03  3.012306e-03  1.834674e+00  9.568023e-02  5.366559e-01  9.192915e-01
 154  8.864233e-02  3.064604e-03  4.864474e-03  1.834674e+00  9.568023e-02  6.966864e-01  1.020593e-01
 155  2.280892e-01  5.638957e-03  2.163720e-02  1.834674e+00  9.568023e-02  6.936873e-01  2.033890e-01
 156  2.519815e-01  6.596519e-03  3.640284e-02  1.834674e+00  9.568023e-02  6.906169e-01  3.008295e-01
 157  3.311188e-01  7.277593e-03  3.870467e-02  1.834674e+00  9.568023e-02  6.900868e-01  3.999731e-01
 158  3.219284e-01  5.731657e-03  3.166780e-02  1.834674e+00  9.568023e-02  6.909862e-01  5.221240e-01
 159  2.076539e-01  4.718430e-03  8.011832e-03  1.834674e+00  9.568023e-02  6.897071e-01  6.903617e-01
 160  6.909522e-02  1.716153e-03  2.342597e-03  1.834674e+00  9.568023e-02  6.897550e-01  9.378080e-01
 161  4.346976e-02  1.228193e-03  2.637678e-03  1.834674e+00  9.568023e-02  8.958715e-01  1.007186e-01
 162  8.300170e-02  2.205762e-03  7.673605e-03  1.834674e+00  9.568023e-02  8.927154e-01  2.026154e-01
 163  9.362532e-02  2.561222e-03  1.123106e-02  1.834674e+00  9.568023e-02  8.858308e-01  2.984978e-01
 164  7.826982e-02  2.552470e-03  1.000952e-02  1.834674e+00  9.568023e-02  8.769476e-01  3.992940e-01
 165  5.843486e-02  1.877462e-03  6.392297e-03  1.834674e+00  9.568023e-02  8.726618e-01  5.215296e-01
 166  4.142941e-02  1.463967e-03  1.659793e-03  1.834674e+00  9.568023e-02  8.613953e-01  6.874319e-01
 167  1.611633e-02  6.703811e-04  5.926516e-04  1.834674e+00  9.568023e-02  8.551444e-01  9.380541e-01
 168  3.512975e+00  5.018025e-02  3.373422e-01  2.882131e+00  1.519989e-01  1.414249e-01  1.026041e-01
 169  7.622286e+00  1.013581e-01  1.519046e+00  2.882131e+00  1.519989e-01  1.417611e-01  2.030336e-01
 170  6.450018e+00  1.078550e-01  1.354130e+00  2.882131e+00  1.519989e-01  1.440037e-01  2.996080e-01
 171  6.299084e+00  9.144082e-02  9.266295e-01  2.882131e+00  1.519989e-01  1.449414e-01  3.988474e-01
 172  3.197524e+00  6.918368e-02  6.021659e-01  2.882131e+00  1.519989e-01  1.444358e-01  5.185592e-01
 173  8.291246e-01  6.028011e-02  3.691778e-02  2.882131e+00  1.519989e-01  1.482640e-01  6.791089e-01
 174  3.517191e-02  3.308444e-02  3.443304e-03  2.882131e+00  1.519989e-01  1.570047e-01  8.838974e-01
 175  2.029042e+00  3.195696e-02  2.990135e-01  2.882131e+00  1.519989e-01  2.235015e-01  1.011472e-01
 176  3.759405e+00  6.646659e-02  4.541590e-01  2.882131e+00  1.519989e-01  2.235557e-01  2.034896e-01
 177  4.048627e+00  8.425191e-02  3.939067e-01  2.882131e+00  1.519989e-01  2.239483e-01  3.000338e-01
 178  3.444514e+00  7.647758e-02  3.035707e-01  2.882131e+00  1.519989e-01  2.237912e-01  3.973015e-01
 179  2.418669e+00  4.533453e-02  2.082153e-01  2.882131e+00  1.519989e-01  2.246689e-01  5.177553e-01
 180  9.845627e-01  2.856554e-02  1.351597e-01  2.882131e+00  1.519989e-01  2.245796e-01  6.810029e-01
 181  1.247605e-01  1.483440e-02  2.341993e-02  2.882131e+00  1.519989e-01  2.237610e-01  9.069266e-01
 182  1.447575e+00  2.553688e-02  1.550482e-01  2.882131e+00  1.519989e-01  2.735081e-01  1.011065e-01
 183  2.267043e+00  4.877695e-02  1.984797e-01  2.882131e+00  1.519989e-01  2.735077e-01  2.027226e-01
 184  3.022472e+00  6.412323e-02  1.921507e-01  2.882131e+00  1.519989e-01  2.740394e-01  3.007635e-01
 185  2.558280e+00  6.607460e-02  1.386006e-01  2.882131e+00  1.519989e-01  2.742101e-01  3.988918e-01
 186  1.652078e+00  4.076291e-02  1.052756e-01  2.882131e+00  1.519989e-01  2.743900e-01  5.164989e-01
 187  6.371026e-01  2.151722e-02  8.753931e-02  2.882131e+00  1.519989e-01  2.751195e-01  6.831311e-01
 188  1.298852e-01  8.502709e-03  1.528644e-02  2.882131e+00  1.519989e-01  2.782168e-01  9.228740e-01
 189  7.583224e-01  1.494648e-02  6.498520e-02  2.882131e+00  1.519989e-01  3.345943e-01  1.011912e-01
 190  1.651126e+00  2.867967e-02  9.579932e-02  2.882131e+00  1.519989e-01  3.346742e-01  2.031849e-01
 191  1.982616e+00  3.646700e-02  6.992170e-02  2.882131e+00  1.519989e-01  3.344019e-01  3.007659e-01
 192  1.850759e+00  4.121000e-02  5.760993e-02  2.882131e+00  1.519989e-01  3.347521e-01  3.996794e-01
 193  1.175673e+00  2.791492e-02  4.827437e-02  2.882131e+00  1.519989e-01  3.349088e-01  5.186292e-01
 194  5.071245e-01  1.492200e-02  5.670850e-02  2.882131e+00  1.519989e-01  3.366586e-01  6.826642e-01
 195  8.922910e-02  4.745051e-03  9.145116e-03  2.882131e+00  1.519989e-01  3.376484e-01  9.210004e-01
 196  4.297877e-01  9.817010e-03  2.337588e-02  2.882131e+00  1.519989e-01  4.195475e-01  1.004499e-01
 197  9.052994e-01  1.800816e-02  2.450943e-02  2.882131e+00  1.519989e-01  4.199716e-01  2.027802e-01
 198  1.089438e+00  2.203191e-02  5.484230e-02  2.882131e+00  1.519989e-01  4.201190e-01  3.014863e-01
 199  1.187462e+00  2.471120e-02  6.071337e-02  2.882131e+00  1.519989e-01  4.200055e-01  3.999159e-01
 200  7.790574e-01  1.960753e-02  3.972452e-02  2.882131e+00  1.519989e-01  4.223692e-01  5.218849e-01
 201  4.517970e-01  1.154142e-02  3.058915e-02  2.882131e+00  1.519989e-01  4.226736e-01  6.834241e-01
 202  7.703479e-02  3.297978e-03  5.454356e-03  2.882131e+00  1.519989e-01  4.255753e-01  9.140497e-01
 203  2.056143e-01  6.786696e-03  6.042350e-03  2.882131e+00  1.519989e-01  5.301305e-01  1.006959e-01
 204  4.359495e-01  1.245972e-02  2.687992e-02  2.882131e+00  1.519989e-01  5.302903e-01  2.032304e-01
 205  4.458334e-01  1.430955e-02  4.601085e-02  2.882131e+00  1.519989e-01  5.315977e-01  3.009366e-01
 206  5.478642e-01  1.600078e-02  5.285613e-02  2.882131e+00  1.519989e-01  5.309809e-01  3.993724e-01
 207  5.319797e-01  1.329973e-02  3.946698e-02  2.882131e+00  1.519989e-01  5.324163e-01  5.228373e-01
 208  3.307503e-01  9.565615e-03  1.547238e-02  2.882131e+00  1.519989e-01  5.359215e-01  6.866625e-01
 209  7.738890e-02  2.950623e-03  2.969841e-03  2.882131e+00  1.519989e-01  5.368406e-01  9.243647e-01
 210  9.621499e-02  4.184332e-03  2.978360e-03  2.882131e+00  1.519989e-01  6.913349e-01  1.010925e-01
 211  1.872036e-01  7.341850e-03  1.035542e-02  2.882131e+00  1.519989e-01  6.905771e-01  2.035077e-01
 212  2.386328e-01  8.396855e-03  1.846676e-02  2.882131e+00  1.519989e-01  6.886568e-01  3.021920e-01
 213  2.696324e-01  8.839160e-03  2.278408e-02  2.882131e+00  1.519989e-01  6.885353e-01  3.991610e-01
 214  2.498487e-01  6.785719e-03  1.505940e-02  2.882131e+00  1.519989e-01  6.882655e-01  5.219785e-01
 215  1.763126e-01  5.335090e-03  8.953745e-03  2.882131e+00  1.519989e-01  6.884682e-01  6.894772e-01
 216  6.210783e-02  2.175769e-03  3.262188e-03  2.882131e+00  1.519989e-01  6.896633e-01  9.327430e-01
 217  4.634346e-02  1.841367e-03  1.268293e-03  2.882131e+00  1.519989e-01  8.987903e-01  9.936467e-02
 218  8.751405e-02  3.529432e-03  4.295124e-03  2.882131e+00  1.519989e-01  8.952977e-01  2.022782e-01
 219  8.369942e-02  3.833455e-03  6.960327e-03  2.882131e+00  1.519989e-01  8.866973e-01  2.996296e-01
 220  7.857987e-02  3.972918e-03  8.308742e-03  2.882131e+00  1.519989e-01  8.822632e-01  3.988326e-01
 221  5.592680e-02  2.419930e-03  3.773861e-03  2.882131e+00  1.519989e-01  8.747771e-01  5.182107e-01
 222  3.580922e-02  1.734581e-03  2.031728e-03  2.882131e+00  1.519989e-01  8.679691e-01  6.839473e-01
 223  1.130436e-02  6.935975e-04  5.569637e-04  2.882131e+00  1.519989e-01  8.615079e-01  9.301937e-01
 224  3.502073e+00  8.531930e-02  1.438230e-01  5.223411e+00  2.530129e-01  1.410646e-01  1.014692e-01
 225  9.105984e+00  1.902591e-01  1.773487e+00  5.223411e+00  2.530129e-01  1.413369e-01  2.018546e-01
 226  1.008037e+01  2.208811e-01  1.822429e+00  5.223411e+00  2.530129e-01  1.429061e-01  2.980687e-01
 227  5.539286e+00  1.811326e-01  1.196035e+00  5.223411e+00  2.530129e-01  1.441961e-01  3.974693e-01
 228  4.156600e+00  1.252921e-01  6.941025e-01  5.223411e+00  2.530129e-01  1.442666e-01  5.154541e-01
 229  1.089690e+00  1.090041e-01  4.169831e-02  5.223411e+00  2.530129e-01  1.484075e-01  6.844556e-01
 230  1.227735e-01  7.364088e-02  1.930376e-03  5.226513e+00  2.529962e-01  1.637718e-01  9.690253e-01
 231  1.798415e+00  4.930489e-02  3.467689e-01  5.223411e+00  2.530129e-01  2.238235e-01  1.021213e-01
 232  5.092768e+00  1.037864e-01  6.268389e-01  5.223411e+00  2.530129e-01  2.231796e-01  2.035578e-01
 233  4.663563e+00  1.364447e-01  5.930908e-01  5.223411e+00  2.530129e-01  2.234327e-01  2.993540e-01
 234  3.445896e+00  1.405758e-01  4.484876e-01  5.223411e+00  2.530129e-01  2.241683e-01  3.967609e-01
 235  2.740717e+00  8.067677e-02  3.207985e-01  5.223411e+00  2.530129e-01  2.237839e-01  5.157394e-01
 236  8.548398e-01  4.721874e-02  1.349524e-01  5.223411e+00  2.530129e-01  2.246077e-01  6.816000e-01
 237  9.903699e-02  2.618315e-02  2.387617e-02  5.223411e+00  2.530129e-01  2.249691e-01  8.991779e-01
 238  1.501979e+00  4.216627e-02  2.150567e-01  5.223411e+00  2.530129e-01  2.738120e-01  1.026346e-01
 239  2.696215e+00  7.714574e-02  3.085755e-01  5.223411e+00  2.530129e-01  2.731112e-01  2.027286e-01
 240  3.157065e+00  9.970574e-02  2.930739e-01  5.223411e+00  2.530129e-01  2.734330e-01  3.004404e-01
 241  3.265627e+00  1.162747e-01  2.626559e-01  5.223411e+00  2.530129e-01  2.734112e-01  3.974785e-01
 242  1.506108e+00  7.388901e-02  1.869631e-01  5.223411e+00  2.530129e-01  2.738733e-01  5.142948e-01
 243  5.460537e-01  3.714723e-02  1.050765e-01  5.223411e+00  2.530129e-01  2.747896e-01  6.812842e-01
 244  7.049467e-02  1.426640e-02  1.756159e-02  5.223411e+00  2.530129e-01  2.761580e-01  8.968545e-01
 245  6.666473e-01  2.560654e-02  1.031095e-01  5.223411e+00  2.530129e-01  3.328416e-01  1.020659e-01
 246  1.438455e+00  4.697310e-02  1.253361e-01  5.223411e+00  2.530129e-01  3.335487e-01  2.027814e-01
 247  1.807164e+00  5.805318e-02  9.909815e-02  5.223411e+00  2.530129e-01  3.347091e-01  2.997269e-01
 248  1.655871e+00  6.425165e-02  8.599795e-02  5.223411e+00  2.530129e-01  3.351665e-01  3.982697e-01
 249  1.231927e+00  4.649748e-02  8.885137e-02  5.223411e+00  2.530129e-01  3.356244e-01  5.174494e-01
 250  6.458250e-01  2.626472e-02  8.714234e-02  5.223411e+00  2.530129e-01  3.367423e-01  6.802143e-01
 251  8.545505e-02  8.016263e-03  1.220430e-02  5.223411e+00  2.530129e-01  3.364870e-01  9.074530e-01
 252  4.334094e-01  1.625207e-02  3.474428e-02  5.223411e+00  2.530129e-01  4.192944e-01  1.002584e-01
 253  9.052717e-01  3.057443e-02  3.347619e-02  5.223411e+00  2.530129e-01  4.189007e-01  2.037400e-01
 254  1.062015e+00  3.572233e-02  3.890631e-02  5.223411e+00  2.530129e-01  4.194747e-01  3.004258e-01
 255  1.234124e+00  3.983959e-02  3.778446e-02  5.223411e+00  2.530129e-01  4.201880e-01  3.986458e-01
 256  9.009722e-01  2.974596e-02  3.840220e-02  5.223411e+00  2.530129e-01  4.209667e-01  5.194970e-01
 257  4.655220e-01  2.035206e-02  4.999973e-02  5.223411e+00  2.530129e-01  4.199692e-01  6.821574e-01
 258  8.887085e-02  6.295911e-03  1.020327e-02  5.223411e+00  2.530129e-01  4.250336e-01  9.228536e-01
 259  2.132226e-01  1.059406e-02  9.564250e-03  5.223411e+00  2.530129e-01  5.331284e-01  1.010375e-01
 260  4.327693e-01  2.136394e-02  1.225150e-02  5.223411e+00  2.530129e-01  5.304449e-01  2.030211e-01
 261  5.298845e-01  2.456236e-02  2.503001e-02  5.223411e+00  2.530129e-01  5.306232e-01  3.012857e-01
 262  5.255127e-01  2.631635e-02  2.847909e-02  5.223411e+00  2.530129e-01  5.293712e-01  4.009482e-01
 263  5.231925e-01  1.950298e-02  1.886154e-02  5.223411e+00  2.530129e-01  5.318521e-01  5.219686e-01
 264  2.936857e-01  1.366856e-02  2.661600e-02  5.223411e+00  2.530129e-01  5.318705e-01  6.873226e-01
 265  7.130191e-02  4.826961e-03  5.837098e-03  5.223411e+00  2.530129e-01  5.354431e-01  9.151833e-01
 266  8.370555e-02  6.588771e-03  5.231620e-03  5.223411e+00  2.530129e-01  6.864296e-01  9.819506e-02
 267  1.900874e-01  1.320439e-02  4.874896e-03  5.223411e+00  2.530129e-01  6.876705e-01  2.036733e-01
 268  2.781921e-01  1.570325e-02  1.148551e-02  5.223411e+00  2.530129e-01  6.841565e-01  3.013300e-01
 269  2.534167e-01  1.562225e-02  1.222987e-02  5.223411e+00  2.530129e-01  6.857007e-01  3.990645e-01
 270  2.531984e-01  1.088986e-02  9.123477e-03  5.223411e+00  2.530129e-01  6.854982e-01  5.229781e-01
 271  1.646048e-01  7.617698e-03  1.473821e-02  5.223411e+00  2.530129e-01  6.873641e-01  6.886372e-01
 272  5.602224e-02  3.054454e-03  5.101897e-03  5.223411e+00  2.530129e-01  6.868496e-01  9.313025e-01
 273  3.994739e-02  3.129864e-03  2.238374e-03  5.223411e+00  2.530129e-01  8.920426e-01  1.008951e-01
 274  7.177815e-02  6.227730e-03  1.752767e-03  5.223411e+00  2.530129e-01  8.876118e-01  2.011083e-01
 275  9.152732e-02  6.927729e-03  3.891489e-03  5.223411e+00  2.530129e-01  8.881110e-01  3.025347e-01
 276  6.834468e-02  6.973746e-03  3.761119e-03  5.223411e+00  2.530129e-01  8.818661e-01  3.983781e-01
 277  4.760947e-02  4.610586e-03  2.239763e-03  5.223411e+00  2.530129e-01  8.763550e-01  5.201558e-01
 278  4.239936e-02  2.974886e-03  3.759688e-03  5.223411e+00  2.530129e-01  8.660568e-01  6.898397e-01
 279  1.218372e-02  1.132096e-03  1.217217e-03  5.223411e+00  2.530129e-01  8.514229e-01  9.295529e-01
 280  3.297619e+00  3.221882e-01  1.940285e-01  9.202431e+00  4.090416e-01  1.415041e-01  1.020721e-01
 281  1.058216e+01  7.730097e-01  2.032137e+00  9.202431e+00  4.090416e-01  1.407599e-01  1.992024e-01
 282  6.375126e+00  9.092037e-01  1.848299e+00  9.202431e+00  4.090416e-01  1.430365e-01  2.991925e-01
 283  4.368031e+00  6.908441e-01  1.215454e+00  9.202431e+00  4.090416e-01  1.428308e-01  3.981835e-01
 284  2.868155e+00  4.312706e-01  7.532399e-01  9.202431e+00  4.090416e-01  1.429566e-01  5.102588e-01
 285  1.141653e+00  3.066330e-01  4.312841e-02  9.202431e+00  4.090416e-01  1.459591e-01  6.750407e-01
 286  1.507176e+00  1.599615e-01  2.905160e-01  9.202431e+00  4.090416e-01  2.237767e-01  1.015113e-01
 287  3.344969e+00  3.118014e-01  6.006940e-01  9.202431e+00  4.090416e-01  2.244597e-01  2.042921e-01
 288  3.737635e+00  4.155289e-01  6.342482e-01  9.202431e+00  4.090416e-01  2.235258e-01  3.004000e-01
 289  5.560576e+00  4.705859e-01  5.847520e-01  9.202431e+00  4.090416e-01  2.236194e-01  3.972769e-01
 290  2.087306e+00  2.593612e-01  3.679295e-01  9.202431e+00  4.090416e-01  2.246203e-01  5.087304e-01
 291  8.092036e-01  1.422917e-01  1.702220e-01  9.202431e+00  4.090416e-01  2.264918e-01  6.785159e-01
 292  1.257684e-01  6.697666e-02  1.778944e-02  9.202431e+00  4.090416e-01  2.233930e-01  8.912407e-01
 293  1.037868e+00  1.320117e-01  1.889754e-01  9.202431e+00  4.090416e-01  2.737327e-01  1.053806e-01
 294  3.372876e+00  2.532806e-01  3.600248e-01  9.202431e+00  4.090416e-01  2.733387e-01  2.037242e-01
 295  2.614386e+00  3.185786e-01  2.994156e-01  9.202431e+00  4.090416e-01  2.743274e-01  3.005075e-01
 296  3.663069e+00  3.579147e-01  2.737004e-01  9.202431e+00  4.090416e-01  2.733787e-01  3.977619e-01
 297  2.125140e+00  2.354495e-01  2.016167e-01  9.202431e+00  4.090416e-01  2.745421e-01  5.154488e-01
 298  4.225784e-01  1.047000e-01  7.552442e-02  9.202431e+00  4.090416e-01  2.753594e-01  6.843754e-01
 299  2.728281e-02  3.529310e-02  8.583089e-03  9.205912e+00  4.090672e-01  2.771819e-01  9.210122e-01
 300  7.607733e-01  8.771549e-02  1.083859e-01  9.202431e+00  4.090416e-01  3.327919e-01  1.007121e-01
 301  1.500102e+00  1.535756e-01  1.129264e-01  9.202431e+00  4.090416e-01  3.341102e-01  2.035367e-01
 302  2.216398e+00  1.964710e-01  1.070176e-01  9.202431e+00  4.090416e-01  3.346772e-01  2.994973e-01
 303  2.472552e+00  2.198224e-01  1.203609e-01  9.202431e+00  4.090416e-01  3.321334e-01  3.985449e-01
 304  9.113586e-01  1.465239e-01  7.684312e-02  9.202431e+00  4.090416e-01  3.348707e-01  5.147433e-01
 305  5.104790e-01  9.268719e-02  9.761990e-02  9.202431e+00  4.090416e-01  3.353635e-01  6.854544e-01
 306  1.926719e-01  2.788568e-02  1.936154e-02  9.202431e+00  4.090416e-01  3.380709e-01  9.016186e-01
 307  2.393374e-01  5.324240e-02  2.773230e-02  9.202431e+00  4.090416e-01  4.177500e-01  9.824027e-02
 308  9.274771e-01  1.077150e-01  3.531360e-02  9.202431e+00  4.090416e-01  4.174558e-01  2.024188e-01
 309  1.083139e+00  1.268053e-01  3.641439e-02  9.202431e+00  4.090416e-01  4.184302e-01  3.003533e-01
 310  1.107688e+00  1.357998e-01  3.114931e-02  9.202431e+00  4.090416e-01  4.197767e-01  4.001016e-01
 311  1.020382e+00  9.879808e-02  3.734312e-02  9.202431e+00  4.090416e-01  4.206854e-01  5.186770e-01
 312  5.720617e-01  6.829299e-02  5.247926e-02  9.205912e+00  4.090672e-01  4.227008e-01  6.831078e-01
 313  5.069657e-02  2.033355e-02  9.542751e-03  9.202431e+00  4.090416e-01  4.269314e-01  9.324337e-01
 314  2.589172e-01  3.799062e-02  1.136481e-02  9.202431e+00  4.090416e-01  5.274949e-01  1.058034e-01
 315  3.430644e-01  7.413627e-02  1.353441e-02  9.202431e+00  4.090416e-01  5.268787e-01  2.057711e-01
 316  5.430510e-01  9.248941e-02  2.772751e-02  9.202431e+00  4.090416e-01  5.316764e-01  3.007640e-01
 317  7.627119e-01  9.563362e-02  3.514994e-02  9.202431e+00  4.090416e-01  5.322066e-01  4.009128e-01
 318  4.795105e-01  6.465421e-02  1.663833e-02  9.202431e+00  4.090416e-01  5.319694e-01  5.224935e-01
 319  2.251841e-01  4.489045e-02  2.693892e-02  9.202431e+00  4.090416e-01  5.313312e-01  6.777063e-01
 320  5.882670e-02  1.536909e-02  5.489922e-03  9.202431e+00  4.090416e-01  5.313726e-01  8.937062e-01
 321  6.901637e-02  2.222005e-02  4.908147e-03  9.202431e+00  4.090416e-01  6.967256e-01  1.043193e-01
 322  2.122192e-01  4.370570e-02  4.377858e-03  9.202431e+00  4.090416e-01  6.870812e-01  2.009106e-01
 323  3.448691e-01  5.515686e-02  9.349711e-03  9.202431e+00  4.090416e-01  6.806500e-01  2.997346e-01
 324  3.207097e-01  5.955170e-02  1.392522e-02  9.202431e+00  4.090416e-01  6.806331e-01  4.009250e-01
 325  1.943040e-01  3.530723e-02  6.276116e-03  9.202431e+00  4.090416e-01  6.949640e-01  5.224157e-01
 326  1.851168e-01  2.496181e-02  1.204715e-02  9.205912e+00  4.090672e-01  6.845020e-01  6.841283e-01
 327  4.321537e-02  1.016823e-02  4.522119e-03  9.202431e+00  4.090416e-01  7.018926e-01  9.161982e-01
 328  2.915289e-02  1.053917e-02  2.314629e-03  9.202431e+00  4.090416e-01  8.678845e-01  1.051439e-01
 329  5.143255e-02  2.172904e-02  1.611429e-03  9.202431e+00  4.090416e-01  8.874339e-01  2.015818e-01
 330  5.266758e-02  2.480299e-02  2.489720e-03  9.205912e+00  4.090672e-01  8.791024e-01  3.026951e-01
 331  6.304905e-02  2.313536e-02  2.677582e-03  9.202431e+00  4.090416e-01  8.839146e-01  4.019284e-01
 332  3.549316e-02  1.689168e-02  2.417251e-03  9.202431e+00  4.090416e-01  8.687887e-01  5.080029e-01
 333  7.527475e-02  1.123859e-02  4.304017e-03  9.202431e+00  4.090416e-01  8.654363e-01  6.876116e-01
 334  2.503475e-02  5.150120e-03  1.466229e-03  9.202431e+00  4.090416e-01  8.445139e-01  9.285715e-01
