   0  2.092997e-01  2.500453e-02  2.026010e-01  1.249727e+00  3.758844e-02  1.517822e-01  1.045042e-01
   1  1.210796e+00  3.153814e-02  2.155386e-01  1.249727e+00  3.758844e-02  1.510978e-01  2.130929e-01
   2  1.015140e+00  3.068920e-02  6.813981e-02  1.249727e+00  3.758844e-02  1.555415e-01  3.257736e-01
   3  5.281726e-01  3.135082e-02  1.802745e-01  1.249727e+00  3.758844e-02  1.548745e-01  4.361345e-01
   4  4.458387e-01  2.743413e-02  2.204129e-01  1.249727e+00  3.758844e-02  1.593262e-01  5.777140e-01
   5  2.973456e-01  2.854099e-02  1.169617e-01  1.249727e+00  3.758844e-02  1.570191e-01  7.425539e-01
   6 -2.438546e-02  3.362217e-02  2.075511e-02  1.249727e+00  3.758844e-02  1.747199e-01  1.012328e+00
   7  3.024451e-01  2.770919e-02  6.871946e-02  1.249727e+00  3.758844e-02  2.283779e-01  9.910979e-02
   8  5.775537e-01  3.627413e-02  6.620569e-02  1.249727e+00  3.758844e-02  2.301947e-01  2.100173e-01
   9  5.646825e-01  3.280150e-02  2.074024e-01  1.249727e+00  3.758844e-02  2.309547e-01  3.074415e-01
  10  7.119009e-01  2.635609e-02  2.711555e-01  1.249727e+00  3.758844e-02  2.326686e-01  4.123093e-01
  11  5.267701e-01  1.942655e-02  2.058351e-01  1.249727e+00  3.758844e-02  2.393137e-01  5.531160e-01
  12  2.485850e-01  1.279214e-02  9.718587e-02  1.249727e+00  3.758844e-02  2.383969e-01  7.319698e-01
  13  6.135625e-02  8.732074e-03  3.008030e-02  1.249727e+00  3.758844e-02  2.566289e-01  1.056270e+00
  14  2.298150e-01  2.195767e-02  1.722802e-02  1.249727e+00  3.758844e-02  2.736701e-01  9.835820e-02
  15  2.835245e-01  3.151710e-02  1.053920e-01  1.249727e+00  3.758844e-02  2.798066e-01  2.039941e-01
  16  1.418008e-01  3.090500e-02  2.559078e-01  1.249727e+00  3.758844e-02  2.825530e-01  3.071736e-01
  17  6.706327e-01  2.666248e-02  2.174382e-01  1.249727e+00  3.758844e-02  2.834857e-01  4.129904e-01
  18  3.406444e-01  1.655770e-02  1.574309e-01  1.249727e+00  3.758844e-02  2.864452e-01  5.438605e-01
  19  3.067873e-01  1.151043e-02  9.566898e-02  1.249727e+00  3.758844e-02  2.859152e-01  7.129083e-01
  20  6.872638e-02  4.877731e-03  2.247928e-02  1.249727e+00  3.758844e-02  2.920116e-01  9.804633e-01
  21  1.570307e-01  1.492291e-02  5.063339e-03  1.249727e+00  3.758844e-02  3.384978e-01  1.003297e-01
  22  4.544002e-01  2.050847e-02  9.541592e-02  1.249727e+00  3.758844e-02  3.354360e-01  2.013487e-01
  23  3.447835e-01  2.074012e-02  1.098784e-01  1.249727e+00  3.758844e-02  3.432446e-01  3.082235e-01
  24  2.957838e-01  2.141358e-02  1.219309e-01  1.249727e+00  3.758844e-02  3.422826e-01  4.063505e-01
  25  4.374842e-01  1.254007e-02  8.537295e-02  1.249727e+00  3.758844e-02  3.454118e-01  5.348308e-01
  26  1.264881e-01  8.073269e-03  5.268268e-02  1.249727e+00  3.758844e-02  3.480892e-01  7.094505e-01
  27  5.864421e-02  3.065362e-03  1.350932e-02  1.249727e+00  3.758844e-02  3.459359e-01  9.634789e-01
  28  9.037135e-02  9.562360e-03  1.839659e-03  1.249727e+00  3.758844e-02  4.192518e-01  1.006266e-01
  29  2.383806e-01  1.466290e-02  5.675622e-02  1.249727e+00  3.758844e-02  4.205637e-01  2.033805e-01
  30  2.708314e-01  1.506596e-02  1.069413e-01  1.249727e+00  3.758844e-02  4.219520e-01  3.017185e-01
  31  1.537835e-01  1.363950e-02  1.070011e-01  1.249727e+00  3.758844e-02  4.286016e-01  4.043233e-01
  32  2.212750e-01  1.093587e-02  1.042605e-01  1.249727e+00  3.758844e-02  4.286341e-01  5.285306e-01
  33  4.976103e-02  6.650983e-03  7.018044e-02  1.249727e+00  3.758844e-02  4.351368e-01  7.042157e-01
  34  6.209277e-02  2.498730e-03  2.039541e-02  1.249727e+00  3.758844e-02  4.368278e-01  9.705127e-01
  35  1.781856e-02  6.366178e-03  1.101840e-02  1.249727e+00  3.758844e-02  5.267717e-01  1.015766e-01
  36  7.728785e-02  9.826823e-03  2.783679e-03  1.249727e+00  3.758844e-02  5.328550e-01  2.044313e-01
  37  9.471088e-02  9.523787e-03  2.166869e-02  1.249727e+00  3.758844e-02  5.335103e-01  3.035926e-01
  38  2.125685e-01  1.090636e-02  5.755547e-02  1.249727e+00  3.758844e-02  5.398318e-01  4.064023e-01
  39  6.111503e-02  8.502938e-03  7.562480e-02  1.249727e+00  3.758844e-02  5.427859e-01  5.323874e-01
  40  1.696695e-02  6.046011e-03  6.531003e-02  1.249727e+00  3.758844e-02  5.367180e-01  6.963655e-01
  41  7.499081e-02  2.129181e-03  1.928166e-02  1.249727e+00  3.758844e-02  5.452103e-01  9.575511e-01
  42  6.753541e-03  3.760935e-03  7.193228e-03  1.250026e+00  3.758863e-02  6.898611e-01  1.007796e-01
  43  8.826692e-02  5.653263e-03  2.082870e-02  1.249727e+00  3.758844e-02  6.844813e-01  2.052433e-01
  44  4.770017e-02  5.827882e-03  2.818454e-02  1.249727e+00  3.758844e-02  6.844990e-01  3.051222e-01
  45  7.492530e-02  6.297764e-03  2.917750e-02  1.249727e+00  3.758844e-02  6.808373e-01  4.022008e-01
  46  5.980779e-02  4.699682e-03  2.798824e-02  1.249727e+00  3.758844e-02  6.831881e-01  5.269329e-01
  47  7.033786e-02  3.379277e-03  1.770401e-02  1.249727e+00  3.758844e-02  6.857091e-01  6.954631e-01
  48  2.533619e-02  1.468163e-03  7.727238e-03  1.249727e+00  3.758844e-02  6.911086e-01  9.495529e-01
  49  4.474844e-03  1.084561e-03  5.018493e-04  1.249727e+00  3.758844e-02  8.306562e-01  9.363754e-02
  50  6.261038e-03  1.661363e-03  1.814312e-03  1.249727e+00  3.758844e-02  8.692754e-01  2.014999e-01
  51  1.713826e-02  3.002333e-03  4.001480e-03  1.249727e+00  3.758844e-02  8.779524e-01  3.012863e-01
  52  1.841439e-02  2.854117e-03  6.917639e-03  1.249727e+00  3.758844e-02  8.763051e-01  4.051151e-01
  53  1.737453e-02  1.905574e-03  4.800240e-03  1.249727e+00  3.758844e-02  8.697566e-01  5.196370e-01
  54  1.057214e-02  1.592041e-03  2.943750e-03  1.249727e+00  3.758844e-02  8.546330e-01  6.881503e-01
  55  3.815593e-03  4.804869e-04  7.386439e-04  1.249727e+00  3.758844e-02  8.618727e-01  9.720637e-01
  56  3.178020e-01  1.952670e-02  1.544707e-01  1.509975e+00  6.109764e-02  1.490277e-01  1.012257e-01
  57  7.285087e-01  3.076205e-02  9.311864e-02  1.509975e+00  6.109764e-02  1.507331e-01  2.117026e-01
  58  1.021724e+00  3.173566e-02  1.131968e-01  1.509975e+00  6.109764e-02  1.513554e-01  3.152297e-01
  59  8.405982e-01  3.329491e-02  2.251240e-01  1.509975e+00  6.109764e-02  1.471056e-01  4.129377e-01
  60  6.276035e-01  2.817942e-02  2.242317e-01  1.509975e+00  6.109764e-02  1.506873e-01  5.446668e-01
  61  1.978589e-01  2.630454e-02  6.297680e-02  1.509975e+00  6.109764e-02  1.660136e-01  7.705407e-01
  62  1.330353e-01  3.407766e-02  2.509382e-02  1.509975e+00  6.109764e-02  2.234980e-01  1.282488e+00
  63  2.123190e-01  1.551665e-02  2.224997e-02  1.509975e+00  6.109764e-02  2.248406e-01  1.019543e-01
  64  6.646497e-01  2.703116e-02  1.168442e-01  1.509975e+00  6.109764e-02  2.254691e-01  2.018396e-01
  65  4.497634e-01  2.888532e-02  2.632303e-01  1.509975e+00  6.109764e-02  2.255212e-01  3.009780e-01
  66  7.264623e-01  2.532875e-02  2.116386e-01  1.509975e+00  6.109764e-02  2.273681e-01  4.034030e-01
  67  4.964392e-01  1.643448e-02  1.270354e-01  1.509975e+00  6.109764e-02  2.286185e-01  5.292908e-01
  68 -1.407672e-02  1.257985e-02  6.990607e-02  1.509975e+00  6.109764e-02  2.322678e-01  7.152897e-01
  69  3.569566e-02  8.471779e-03  1.636738e-02  1.509975e+00  6.109764e-02  2.708491e-01  1.119052e+00
  70  1.940181e-01  1.323602e-02  1.392002e-02  1.509975e+00  6.109764e-02  2.737385e-01  9.723716e-02
  71  3.900724e-01  2.207486e-02  1.499837e-01  1.509975e+00  6.109764e-02  2.749786e-01  2.022127e-01
  72  7.805916e-01  2.577562e-02  1.696228e-01  1.509975e+00  6.109764e-02  2.751136e-01  3.012656e-01
  73  4.519893e-01  2.428622e-02  1.514119e-01  1.509975e+00  6.109764e-02  2.781524e-01  4.032163e-01
  74  1.148739e-01  1.483127e-02  1.021986e-01  1.509975e+00  6.109764e-02  2.801947e-01  5.299747e-01
  75  1.189829e-01  8.417422e-03  3.610491e-02  1.509975e+00  6.109764e-02  2.821636e-01  7.013772e-01
  76  3.738202e-02  3.949791e-03  1.114843e-02  1.509975e+00  6.109764e-02  2.837537e-01  9.640046e-01
  77  1.693095e-01  8.192355e-03  2.622657e-02  1.509975e+00  6.109764e-02  3.347086e-01  1.000778e-01
  78  4.312275e-01  1.440912e-02  1.413740e-01  1.509975e+00  6.109764e-02  3.374265e-01  2.044161e-01
  79  7.345189e-01  1.750827e-02  1.873836e-01  1.509975e+00  6.109764e-02  3.375293e-01  3.050586e-01
  80  7.257002e-01  1.786455e-02  1.728659e-01  1.509975e+00  6.109764e-02  3.358133e-01  4.003943e-01
  81  2.566693e-01  1.114568e-02  7.566217e-02  1.509975e+00  6.109764e-02  3.381790e-01  5.193973e-01
  82  1.615491e-01  6.453515e-03  3.466054e-02  1.509975e+00  6.109764e-02  3.444953e-01  7.011317e-01
  83  3.053241e-02  2.432236e-03  7.153120e-03  1.509975e+00  6.109764e-02  3.545811e-01  9.727436e-01
  84  8.079994e-02  4.147761e-03  1.136727e-02  1.509975e+00  6.109764e-02  4.190102e-01  1.023066e-01
  85  1.772221e-01  8.648007e-03  8.059573e-02  1.509975e+00  6.109764e-02  4.200359e-01  2.036398e-01
  86  1.602177e-01  1.142272e-02  1.173461e-01  1.509975e+00  6.109764e-02  4.236032e-01  3.016362e-01
  87  3.710299e-01  1.212088e-02  1.088123e-01  1.509975e+00  6.109764e-02  4.243992e-01  4.019065e-01
  88  1.424399e-01  8.931086e-03  9.582654e-02  1.509975e+00  6.109764e-02  4.257536e-01  5.233992e-01
  89  9.925272e-02  5.376099e-03  4.967930e-02  1.509975e+00  6.109764e-02  4.253450e-01  6.892298e-01
  90  3.992314e-02  1.809054e-03  1.193237e-02  1.509975e+00  6.109764e-02  4.287236e-01  9.586694e-01
  91  3.508513e-02  2.741368e-03  5.327734e-03  1.509975e+00  6.109764e-02  5.278343e-01  9.947765e-02
  92  1.081178e-01  5.588645e-03  1.374940e-02  1.509975e+00  6.109764e-02  5.302179e-01  2.018003e-01
  93  1.582778e-01  7.226566e-03  5.036582e-02  1.509975e+00  6.109764e-02  5.326733e-01  2.998810e-01
  94  1.530026e-01  8.104219e-03  7.887604e-02  1.509975e+00  6.109764e-02  5.363619e-01  4.032745e-01
  95  1.482068e-01  6.558205e-03  7.501077e-02  1.509975e+00  6.109764e-02  5.321911e-01  5.252989e-01
  96  1.649253e-01  4.946215e-03  5.701972e-02  1.509975e+00  6.109764e-02  5.357751e-01  6.916655e-01
  97  1.075670e-02  1.561504e-03  1.527164e-02  1.509975e+00  6.109764e-02  5.424189e-01  9.396659e-01
  98  1.221041e-02  1.607216e-03  7.429816e-03  1.509975e+00  6.109764e-02  6.865182e-01  1.021088e-01
  99  2.250711e-02  3.234136e-03  2.076694e-02  1.509975e+00  6.109764e-02  6.822864e-01  2.069973e-01
 100  1.088220e-02  4.031655e-03  2.883229e-02  1.509975e+00  6.109764e-02  6.860532e-01  3.033834e-01
 101  9.970517e-02  4.587338e-03  2.884197e-02  1.509975e+00  6.109764e-02  6.884619e-01  4.030408e-01
 102  5.285881e-02  3.550446e-03  1.712088e-02  1.509975e+00  6.109764e-02  6.879436e-01  5.243491e-01
 103  7.718784e-02  3.044884e-03  1.012667e-02  1.509975e+00  6.109764e-02  6.871345e-01  6.933388e-01
 104  1.915744e-02  1.153731e-03  3.517489e-03  1.509975e+00  6.109764e-02  6.908342e-01  9.272354e-01
 105  7.349685e-03  7.487674e-04  1.013285e-03  1.509975e+00  6.109764e-02  8.758458e-01  1.059831e-01
 106  9.828715e-03  1.244739e-03  1.757718e-03  1.509975e+00  6.109764e-02  8.750385e-01  2.035943e-01
 107  2.111362e-02  1.814204e-03  2.577569e-03  1.509975e+00  6.109764e-02  8.719909e-01  3.000836e-01
 108  2.352352e-02  1.964498e-03  8.757570e-03  1.509975e+00  6.109764e-02  8.685826e-01  3.995241e-01
 109  1.964055e-02  1.379502e-03  4.789269e-03  1.509975e+00  6.109764e-02  8.697904e-01  5.241598e-01
 110  1.714634e-02  9.758864e-04  2.188547e-03  1.509975e+00  6.109764e-02  8.695303e-01  6.853665e-01
 111  6.180868e-03  3.828565e-04  7.810982e-04  1.509975e+00  6.109764e-02  8.489392e-01  9.612706e-01
 112  5.056784e-01  1.837098e-02  1.103959e-01  1.820673e+00  9.573812e-02  1.459466e-01  9.922431e-02
 113  7.305549e-01  3.182570e-02  4.315075e-02  1.820673e+00  9.573812e-02  1.451566e-01  2.053778e-01
 114  6.439979e-01  3.539128e-02  1.700248e-01  1.820673e+00  9.573812e-02  1.452045e-01  3.065189e-01
 115  8.958266e-01  3.765519e-02  2.669851e-01  1.820673e+00  9.573812e-02  1.439229e-01  4.024017e-01
 116  4.037524e-01  2.911949e-02  1.629926e-01  1.820673e+00  9.573812e-02  1.502533e-01  5.333790e-01
 117  2.211529e-01  2.438724e-02  5.788452e-02  1.820673e+00  9.573812e-02  1.556587e-01  6.921430e-01
 118  4.032226e-02  2.518183e-02  1.852466e-02  1.834760e+00  9.576496e-02  1.582187e-01  8.833677e-01
 119  2.103648e-01  1.248535e-02  1.493029e-02  1.820673e+00  9.573812e-02  2.246229e-01  1.012143e-01
 120  5.759049e-01  2.442632e-02  1.614801e-01  1.820673e+00  9.573812e-02  2.252788e-01  2.029552e-01
 121  6.578073e-01  2.885358e-02  1.838835e-01  1.820673e+00  9.573812e-02  2.244599e-01  3.007973e-01
 122  4.567016e-01  2.447640e-02  1.323325e-01  1.820673e+00  9.573812e-02  2.265094e-01  4.025777e-01
 123  2.479709e-01  1.616499e-02  8.202310e-02  1.820673e+00  9.573812e-02  2.260114e-01  5.261683e-01
 124  1.486033e-01  1.289262e-02  4.371560e-02  1.820673e+00  9.573812e-02  2.305859e-01  7.061728e-01
 125  1.492836e-02  6.860578e-03  7.481017e-03  1.820673e+00  9.573812e-02  2.392317e-01  9.893668e-01
 126  2.181308e-01  1.166753e-02  3.874977e-02  1.820673e+00  9.573812e-02  2.758338e-01  9.974571e-02
 127  5.828110e-01  1.967302e-02  1.812099e-01  1.820673e+00  9.573812e-02  2.750426e-01  2.022765e-01
 128  4.039764e-01  2.284253e-02  1.952186e-01  1.820673e+00  9.573812e-02  2.744045e-01  2.990156e-01
 129  3.551434e-01  2.105676e-02  1.604148e-01  1.820673e+00  9.573812e-02  2.759259e-01  4.014451e-01
 130  2.436233e-01  1.417969e-02  1.155962e-01  1.820673e+00  9.573812e-02  2.784823e-01  5.245121e-01
 131  1.154003e-01  8.695559e-03  5.059789e-02  1.820673e+00  9.573812e-02  2.785587e-01  6.969574e-01
 132  3.155400e-02  3.690049e-03  1.056760e-02  1.820673e+00  9.573812e-02  2.844456e-01  9.525812e-01
 133  1.604609e-01  6.413391e-03  4.208089e-02  1.820673e+00  9.573812e-02  3.362580e-01  1.017850e-01
 134  4.000859e-01  1.260358e-02  9.035125e-02  1.820673e+00  9.573812e-02  3.355440e-01  2.021177e-01
 135  5.295683e-01  1.561912e-02  1.013716e-01  1.820673e+00  9.573812e-02  3.364101e-01  3.002984e-01
 136  3.243079e-01  1.578761e-02  9.124965e-02  1.820673e+00  9.573812e-02  3.387127e-01  4.013588e-01
 137  1.753511e-01  1.034547e-02  6.695500e-02  1.820673e+00  9.573812e-02  3.382548e-01  5.197020e-01
 138  1.350666e-01  5.754442e-03  3.187314e-02  1.820673e+00  9.573812e-02  3.396395e-01  6.920079e-01
 139  3.505358e-02  2.210224e-03  7.235625e-03  1.820673e+00  9.573812e-02  3.446542e-01  9.462690e-01
 140  7.980076e-02  4.188911e-03  2.419094e-02  1.820673e+00  9.573812e-02  4.199511e-01  1.000048e-01
 141  1.655371e-01  7.898393e-03  5.017787e-02  1.820673e+00  9.573812e-02  4.214241e-01  2.028832e-01
 142  2.885774e-01  9.680540e-03  6.116102e-02  1.820673e+00  9.573812e-02  4.198209e-01  2.989953e-01
 143  1.933164e-01  1.125527e-02  6.511485e-02  1.820673e+00  9.573812e-02  4.206561e-01  3.998475e-01
 144  2.533050e-01  8.369464e-03  7.965443e-02  1.820673e+00  9.573812e-02  4.257871e-01  5.240289e-01
 145  9.522331e-02  5.059271e-03  4.263444e-02  1.820673e+00  9.573812e-02  4.249353e-01  6.869798e-01
 146  3.167631e-02  1.505196e-03  8.921193e-03  1.820673e+00  9.573812e-02  4.286530e-01  9.271096e-01
 147  4.961246e-02  2.787919e-03  1.310332e-03  1.820673e+00  9.573812e-02  5.294560e-01  1.020660e-01
 148  5.092691e-02  5.465107e-03  2.974301e-02  1.820673e+00  9.573812e-02  5.311960e-01  2.039946e-01
 149  1.608765e-01  7.036672e-03  7.180532e-02  1.820673e+00  9.573812e-02  5.329318e-01  3.014069e-01
 150  1.762527e-01  8.342012e-03  8.435240e-02  1.820673e+00  9.573812e-02  5.347046e-01  4.012964e-01
 151  1.497168e-01  6.800616e-03  7.705963e-02  1.820673e+00  9.573812e-02  5.348048e-01  5.238587e-01
 152  4.362126e-02  4.902334e-03  4.514005e-02  1.820673e+00  9.573812e-02  5.360276e-01  6.888152e-01
 153  3.628597e-02  1.265179e-03  8.857332e-03  1.820673e+00  9.573812e-02  5.423190e-01  9.279162e-01
 154  2.014351e-02  1.784924e-03  1.099186e-02  1.820673e+00  9.573812e-02  6.906232e-01  1.006895e-01
 155  7.736622e-02  3.775541e-03  2.956922e-02  1.820673e+00  9.573812e-02  6.911917e-01  2.047725e-01
 156  3.909547e-02  4.151633e-03  2.894628e-02  1.820673e+00  9.573812e-02  6.901545e-01  3.014819e-01
 157  1.159343e-01  4.899452e-03  2.294962e-02  1.820673e+00  9.573812e-02  6.879967e-01  4.016472e-01
 158  1.022603e-01  4.071837e-03  8.551360e-03  1.820673e+00  9.573812e-02  6.858741e-01  5.258268e-01
 159  8.040102e-02  3.312506e-03  3.294983e-03  1.820673e+00  9.573812e-02  6.876243e-01  6.903678e-01
 160  2.728749e-02  1.205100e-03  9.088273e-04  1.820673e+00  9.573812e-02  6.931552e-01  9.313154e-01
 161  5.065145e-03  6.698376e-04  1.886574e-04  1.820673e+00  9.573812e-02  8.696433e-01  1.030830e-01
 162  1.917750e-02  1.463737e-03  6.369013e-04  1.820673e+00  9.573812e-02  8.733664e-01  2.037084e-01
 163  2.286426e-02  1.680707e-03  8.315671e-03  1.820673e+00  9.573812e-02  8.737478e-01  2.988432e-01
 164  2.209034e-02  1.768416e-03  4.979822e-03  1.820673e+00  9.573812e-02  8.750377e-01  4.006197e-01
 165  2.217902e-02  1.489083e-03  1.987520e-03  1.820673e+00  9.573812e-02  8.705605e-01  5.268148e-01
 166  1.788646e-02  1.133372e-03  7.316389e-04  1.820673e+00  9.573812e-02  8.683010e-01  6.925042e-01
 167  8.599521e-03  5.616094e-04  3.260477e-04  1.820673e+00  9.573812e-02  8.604129e-01  9.094520e-01
 168  3.812198e-01  2.146298e-02  9.617045e-02  2.875440e+00  1.522067e-01  1.447089e-01  1.011281e-01
 169  6.939849e-01  4.257440e-02  4.012781e-02  2.875440e+00  1.522067e-01  1.439571e-01  2.009916e-01
 170  5.940841e-01  4.966250e-02  1.748837e-01  2.875440e+00  1.522067e-01  1.432616e-01  3.017368e-01
 171  8.286366e-01  4.943505e-02  2.381171e-01  2.875440e+00  1.522067e-01  1.431642e-01  4.003962e-01
 172  4.934851e-01  4.063896e-02  1.855548e-01  2.875440e+00  1.522067e-01  1.476165e-01  5.164866e-01
 173  7.846756e-02  3.322533e-02  5.666578e-02  2.875440e+00  1.522067e-01  1.480325e-01  6.667381e-01
 174 -2.496480e-02  1.732273e-02  2.789971e-05  2.882619e+00  1.522425e-01  1.817730e-01  8.871489e-01
 175  2.676578e-01  1.470063e-02  2.285958e-02  2.875440e+00  1.522067e-01  2.240446e-01  1.004807e-01
 176  4.745453e-01  2.888498e-02  1.559221e-01  2.875440e+00  1.522067e-01  2.237802e-01  2.013821e-01
 177  4.044466e-01  3.302216e-02  1.694090e-01  2.875440e+00  1.522067e-01  2.241390e-01  2.969513e-01
 178  3.636464e-01  3.165834e-02  1.275008e-01  2.875440e+00  1.522067e-01  2.234106e-01  4.030871e-01
 179  4.920611e-01  2.305111e-02  9.734395e-02  2.875440e+00  1.522067e-01  2.242457e-01  5.150054e-01
 180  2.009559e-01  1.627314e-02  4.082949e-02  2.875440e+00  1.522067e-01  2.224672e-01  6.835921e-01
 181  2.826994e-02  8.802502e-03  9.700123e-03  2.877344e+00  1.522273e-01  2.220863e-01  9.151380e-01
 182  2.832933e-01  1.291347e-02  4.610043e-02  2.875440e+00  1.522067e-01  2.741975e-01  9.927784e-02
 183  2.489233e-01  2.379866e-02  1.962101e-01  2.875440e+00  1.522067e-01  2.739794e-01  2.015448e-01
 184  5.522106e-01  2.783257e-02  1.921880e-01  2.875440e+00  1.522067e-01  2.740348e-01  2.988198e-01
 185  3.233639e-01  2.911077e-02  1.799932e-01  2.875440e+00  1.522067e-01  2.747353e-01  3.993237e-01
 186  2.172380e-01  1.948273e-02  1.193969e-01  2.875440e+00  1.522067e-01  2.746035e-01  5.200964e-01
 187  1.418351e-01  1.150238e-02  5.677502e-02  2.875440e+00  1.522067e-01  2.748892e-01  6.823507e-01
 188  4.511622e-02  5.104263e-03  1.235501e-02  2.875440e+00  1.522067e-01  2.781598e-01  9.027509e-01
 189  1.881000e-01  7.767005e-03  5.242539e-02  2.875440e+00  1.522067e-01  3.343194e-01  1.012211e-01
 190  3.417532e-01  1.483840e-02  1.072519e-01  2.875440e+00  1.522067e-01  3.349015e-01  2.027517e-01
 191  3.647442e-01  1.784549e-02  1.073826e-01  2.875440e+00  1.522067e-01  3.374100e-01  3.014319e-01
 192  2.789648e-01  1.975545e-02  1.108430e-01  2.875440e+00  1.522067e-01  3.364129e-01  3.978864e-01
 193  1.037483e-01  1.439916e-02  8.489771e-02  2.875440e+00  1.522067e-01  3.362850e-01  5.187082e-01
 194  8.011515e-02  7.962670e-03  3.291149e-02  2.875440e+00  1.522067e-01  3.372323e-01  6.893641e-01
 195  2.301171e-02  2.450398e-03  6.940627e-03  2.875440e+00  1.522067e-01  3.392862e-01  9.377652e-01
 196  9.831658e-02  4.655489e-03  2.684346e-02  2.875440e+00  1.522067e-01  4.182719e-01  9.921915e-02
 197  2.615877e-01  9.334142e-03  5.967792e-02  2.875440e+00  1.522067e-01  4.210750e-01  2.038161e-01
 198  2.548574e-01  1.231640e-02  7.997221e-02  2.875440e+00  1.522067e-01  4.224181e-01  3.018526e-01
 199  3.288691e-01  1.308060e-02  6.913079e-02  2.875440e+00  1.522067e-01  4.227926e-01  4.007613e-01
 200  9.079221e-02  1.063883e-02  6.341334e-02  2.875440e+00  1.522067e-01  4.254729e-01  5.227662e-01
 201  9.891813e-02  5.953588e-03  2.848403e-02  2.875440e+00  1.522067e-01  4.253229e-01  6.858896e-01
 202  1.063688e-02  1.697886e-03  4.482772e-03  2.875440e+00  1.522067e-01  4.277153e-01  9.133147e-01
 203  4.440157e-02  3.566843e-03  1.576265e-03  2.875440e+00  1.522067e-01  5.311543e-01  9.899191e-02
 204  8.377481e-02  7.281683e-03  3.655760e-02  2.875440e+00  1.522067e-01  5.300664e-01  2.029444e-01
 205  5.874063e-02  8.209846e-03  4.316620e-02  2.875440e+00  1.522067e-01  5.312079e-01  3.016375e-01
 206  1.537360e-01  9.901835e-03  5.409079e-02  2.875440e+00  1.522067e-01  5.329016e-01  4.001960e-01
 207  1.264869e-01  7.818629e-03  4.646995e-02  2.875440e+00  1.522067e-01  5.320909e-01  5.210944e-01
 208  1.129596e-01  6.210301e-03  3.241319e-02  2.875440e+00  1.522067e-01  5.378056e-01  6.860020e-01
 209  3.136038e-02  1.980429e-03  8.042670e-03  2.875440e+00  1.522067e-01  5.352445e-01  9.218162e-01
 210  2.691396e-02  2.426847e-03  8.213427e-03  2.875440e+00  1.522067e-01  6.879178e-01  1.013295e-01
 211  3.326473e-02  4.314418e-03  1.424781e-02  2.875440e+00  1.522067e-01  6.863647e-01  2.027793e-01
 212  7.562030e-02  5.246136e-03  2.710362e-02  2.875440e+00  1.522067e-01  6.863129e-01  3.008157e-01
 213  8.794083e-02  5.821131e-03  1.576227e-02  2.875440e+00  1.522067e-01  6.852558e-01  4.009465e-01
 214  8.117241e-02  4.396363e-03  3.591248e-03  2.875440e+00  1.522067e-01  6.835177e-01  5.212241e-01
 215  5.673179e-02  3.444406e-03  2.421822e-03  2.875440e+00  1.522067e-01  6.869675e-01  6.930483e-01
 216  2.055369e-02  1.408026e-03  8.666678e-04  2.875440e+00  1.522067e-01  6.925363e-01  9.259966e-01
 217  9.178211e-03  1.006820e-03  2.702683e-04  2.875440e+00  1.522067e-01  8.833660e-01  9.986967e-02
 218  2.007683e-02  2.102965e-03  6.842119e-04  2.875440e+00  1.522067e-01  8.815452e-01  2.059832e-01
 219  1.629928e-02  2.459144e-03  7.663336e-03  2.875440e+00  1.522067e-01  8.723504e-01  2.995155e-01
 220  1.264651e-02  2.297491e-03  4.174620e-03  2.875440e+00  1.522067e-01  8.739573e-01  3.993591e-01
 221  1.959099e-02  1.740242e-03  1.015893e-03  2.875440e+00  1.522067e-01  8.795219e-01  5.189258e-01
 222  1.144276e-02  1.151284e-03  5.457696e-04  2.875440e+00  1.522067e-01  8.627920e-01  6.894685e-01
 223  4.130474e-03  4.445938e-04  1.627711e-04  2.875440e+00  1.522067e-01  8.480277e-01  9.362070e-01
 224  4.277674e-01  3.895644e-02  2.662205e-02  5.241270e+00  2.538812e-01  1.437947e-01  1.023178e-01
 225  1.096728e+00  8.317857e-02  3.653224e-01  5.241270e+00  2.538812e-01  1.443379e-01  1.989467e-01
 226  8.184288e-01  9.723637e-02  1.478982e-01  5.241270e+00  2.538812e-01  1.450747e-01  2.998243e-01
 227  6.721242e-01  1.010196e-01  5.555314e-02  5.241270e+00  2.538812e-01  1.435778e-01  4.020373e-01
 228  6.178647e-01  8.021654e-02  4.778626e-02  5.241270e+00  2.538812e-01  1.450152e-01  5.066489e-01
 229  2.150964e-01  6.374582e-02  2.977051e-02  5.241270e+00  2.538812e-01  1.458322e-01  6.501616e-01
 230  1.410075e-01  5.918831e-02  1.227266e-02  5.242325e+00  2.539186e-01  1.694039e-01  9.249346e-01
 231  2.910056e-01  2.526403e-02  8.613945e-02  5.241270e+00  2.538812e-01  2.252973e-01  1.026842e-01
 232  6.536057e-01  4.737900e-02  5.629093e-02  5.241270e+00  2.538812e-01  2.249337e-01  1.991844e-01
 233  6.755200e-01  6.391743e-02  8.557182e-02  5.241270e+00  2.538812e-01  2.260833e-01  3.035683e-01
 234  5.574499e-01  7.167834e-02  1.751309e-01  5.241270e+00  2.538812e-01  2.262409e-01  4.034610e-01
 235  5.395170e-01  4.574908e-02  1.276916e-01  5.241270e+00  2.538812e-01  2.238310e-01  5.220581e-01
 236  2.266686e-01  3.340415e-02  5.959471e-02  5.241270e+00  2.538812e-01  2.263377e-01  6.826766e-01
 237  5.462396e-02  2.368335e-02  3.309690e-02  5.242325e+00  2.539186e-01  2.196245e-01  8.551075e-01
 238  3.403674e-01  2.229158e-02  6.115317e-02  5.241270e+00  2.538812e-01  2.720791e-01  1.014189e-01
 239  3.952163e-01  3.753046e-02  2.168424e-02  5.241270e+00  2.538812e-01  2.747356e-01  1.995589e-01
 240  5.570285e-01  4.920716e-02  1.402734e-01  5.241270e+00  2.538812e-01  2.742595e-01  2.999683e-01
 241  4.946094e-01  5.128919e-02  1.554016e-01  5.241270e+00  2.538812e-01  2.744317e-01  3.929494e-01
 242  1.604564e-01  4.009522e-02  1.417745e-01  5.241270e+00  2.538812e-01  2.731147e-01  5.203499e-01
 243  1.082720e-01  2.550852e-02  7.345754e-02  5.241270e+00  2.538812e-01  2.738433e-01  6.827690e-01
 244  2.437344e-03  1.093303e-02  1.198218e-02  5.241270e+00  2.538812e-01  2.764263e-01  9.086717e-01
 245  1.453998e-01  1.295030e-02  2.523345e-02  5.241270e+00  2.538812e-01  3.341519e-01  1.004783e-01
 246  2.746766e-01  2.494611e-02  4.855015e-02  5.241270e+00  2.538812e-01  3.356642e-01  2.032124e-01
 247  1.892700e-01  2.898966e-02  1.362352e-01  5.241270e+00  2.538812e-01  3.356371e-01  3.016107e-01
 248  1.036946e-01  3.232686e-02  1.140542e-01  5.241270e+00  2.538812e-01  3.402361e-01  4.014513e-01
 249  2.032145e-01  2.478058e-02  9.061660e-02  5.241270e+00  2.538812e-01  3.357206e-01  5.184232e-01
 250  1.572190e-01  1.627116e-02  4.423919e-02  5.241270e+00  2.538812e-01  3.358111e-01  6.797716e-01
 251  2.054052e-02  4.828163e-03  6.603924e-03  5.241270e+00  2.538812e-01  3.417762e-01  9.205829e-01
 252  9.653596e-02  8.130931e-03  1.479879e-02  5.241270e+00  2.538812e-01  4.214508e-01  1.008762e-01
 253  2.277501e-01  1.644360e-02  2.993774e-02  5.241270e+00  2.538812e-01  4.180506e-01  2.046073e-01
 254  2.360054e-01  1.970057e-02  8.533588e-02  5.241270e+00  2.538812e-01  4.220576e-01  3.005481e-01
 255  3.832762e-01  2.069218e-02  8.023665e-02  5.241270e+00  2.538812e-01  4.190896e-01  3.969755e-01
 256  2.553779e-01  1.719964e-02  7.542670e-02  5.241270e+00  2.538812e-01  4.226055e-01  5.211949e-01
 257  1.098352e-01  1.137033e-02  3.259462e-02  5.241270e+00  2.538812e-01  4.267735e-01  6.779072e-01
 258  2.215497e-02  3.987339e-03  7.927761e-03  5.241270e+00  2.538812e-01  4.231946e-01  9.139519e-01
 259  1.052844e-01  6.363547e-03  2.571293e-02  5.241270e+00  2.538812e-01  5.332774e-01  9.985922e-02
 260  1.373404e-01  1.279928e-02  2.378476e-02  5.241270e+00  2.538812e-01  5.329994e-01  2.045055e-01
 261  1.676967e-01  1.504041e-02  9.134590e-03  5.241270e+00  2.538812e-01  5.338856e-01  2.991692e-01
 262  1.582046e-01  1.520994e-02  3.655226e-02  5.241270e+00  2.538812e-01  5.337226e-01  4.020850e-01
 263  1.531190e-01  1.147053e-02  4.972735e-02  5.241270e+00  2.538812e-01  5.352049e-01  5.257154e-01
 264  1.095960e-01  9.491778e-03  4.696792e-02  5.241270e+00  2.538812e-01  5.372665e-01  6.916922e-01
 265  3.304674e-02  3.481963e-03  1.043240e-02  5.241270e+00  2.538812e-01  5.392603e-01  9.172528e-01
 266  2.236600e-02  4.350788e-03  1.222061e-02  5.241270e+00  2.538812e-01  6.909407e-01  1.036548e-01
 267  5.674194e-02  8.004654e-03  2.492944e-02  5.241270e+00  2.538812e-01  6.869913e-01  2.028750e-01
 268  9.462310e-02  9.630459e-03  3.778826e-02  5.241270e+00  2.538812e-01  6.864178e-01  3.003369e-01
 269  7.722410e-02  1.024878e-02  3.486459e-02  5.241270e+00  2.538812e-01  6.852065e-01  4.009028e-01
 270  1.047982e-01  6.537450e-03  3.383475e-02  5.241270e+00  2.538812e-01  6.855931e-01  5.247526e-01
 271  6.791759e-02  4.751859e-03  2.311516e-02  5.241270e+00  2.538812e-01  6.875671e-01  6.879723e-01
 272  2.358749e-02  2.268653e-03  8.453121e-03  5.241270e+00  2.538812e-01  6.937561e-01  9.413477e-01
 273  1.052714e-02  1.621719e-03  3.267977e-03  5.241270e+00  2.538812e-01  8.784745e-01  1.016114e-01
 274  2.197678e-02  3.300239e-03  7.095768e-03  5.241270e+00  2.538812e-01  8.772753e-01  2.007746e-01
 275  2.310346e-02  3.660993e-03  9.535146e-03  5.241270e+00  2.538812e-01  8.697765e-01  3.043945e-01
 276  1.093464e-02  3.925905e-03  9.567906e-03  5.241270e+00  2.538812e-01  8.746970e-01  3.993641e-01
 277 -2.472032e-03  2.756366e-03  8.549398e-03  5.241270e+00  2.538812e-01  8.753570e-01  5.164439e-01
 278  1.975666e-02  1.840627e-03  6.428019e-03  5.241270e+00  2.538812e-01  8.639669e-01  6.839368e-01
 279  3.749651e-03  6.845192e-04  1.814760e-03  5.241270e+00  2.538812e-01  8.527078e-01  9.090728e-01
 280  7.173720e-02  1.513937e-01  2.068867e-01  9.213259e+00  4.100563e-01  1.431485e-01  1.081972e-01
 281  2.436402e+00  4.501804e-01  7.737796e-01  9.213259e+00  4.100563e-01  1.468391e-01  2.007674e-01
 282  1.611698e-02  6.381984e-01  5.123984e-01  9.218045e+00  4.101289e-01  1.451699e-01  2.934644e-01
 283  2.108386e-01  4.153547e-01  5.261830e-02  9.212750e+00  4.099920e-01  1.421955e-01  3.865295e-01
 284  2.050350e-01  2.885718e-01  1.427575e-01  9.212750e+00  4.099920e-01  1.464394e-01  5.558683e-01
 285  5.706447e-01  2.979686e-01  8.544717e-02  9.212750e+00  4.099920e-01  1.524672e-01  6.685417e-01
 286  1.116760e-01  6.804693e-02  2.989136e-02  9.213259e+00  4.100563e-01  2.259272e-01  1.129254e-01
 287  5.133656e-01  1.739726e-01  6.827746e-02  9.213259e+00  4.100563e-01  2.231220e-01  2.071018e-01
 288  2.700403e-01  2.138140e-01  8.471353e-02  9.213259e+00  4.100563e-01  2.215738e-01  3.042877e-01
 289  9.226259e-01  2.953604e-01  1.408086e-01  9.218269e+00  4.100285e-01  2.262617e-01  4.105813e-01
 290  3.904012e-01  6.288820e-01  2.994982e-01  9.217118e+00  4.105440e-01  2.190231e-01  5.122876e-01
 291  2.330372e-01  1.041953e-01  9.229998e-02  9.213259e+00  4.100563e-01  2.229191e-01  6.872502e-01
 292  4.277188e-01  7.936417e-02  8.494638e-02  9.213259e+00  4.100563e-01  2.731918e-01  1.028783e-01
 293  4.345487e-01  1.341381e-01  3.188729e-02  9.213259e+00  4.100563e-01  2.710006e-01  1.973731e-01
 294  7.883916e-01  1.562107e-01  1.485080e-01  9.213259e+00  4.100563e-01  2.735955e-01  2.981091e-01
 295  8.991542e-02  1.793305e-01  1.688836e-01  9.213259e+00  4.100563e-01  2.794072e-01  3.978377e-01
 296  3.348547e-01  1.199082e-01  7.121722e-02  9.213259e+00  4.100563e-01  2.628606e-01  5.104470e-01
 297  1.097746e-01  6.537805e-02  2.280061e-02  9.212750e+00  4.099920e-01  2.786823e-01  7.386693e-01
 298  1.402109e-02  3.318992e-02  1.063536e-02  9.218045e+00  4.101289e-01  2.581533e-01  8.948438e-01
 299  1.071064e-01  4.250105e-02  1.964963e-02  9.213259e+00  4.100563e-01  3.315181e-01  1.047192e-01
 300  3.731202e-01  8.424281e-02  6.111639e-02  9.213259e+00  4.100563e-01  3.359367e-01  2.038873e-01
 301  4.436002e-01  1.003429e-01  1.428145e-01  9.213259e+00  4.100563e-01  3.319157e-01  2.997725e-01
 302  4.720803e-01  1.209191e-01  1.346402e-01  9.213259e+00  4.100563e-01  3.360682e-01  3.966583e-01
 303  2.980110e-01  8.353687e-02  1.070469e-01  9.213259e+00  4.100563e-01  3.348421e-01  5.142346e-01
 304  8.832572e-02  6.977165e-02  6.402420e-02  9.212750e+00  4.099920e-01  3.320338e-01  6.997799e-01
 305  1.814546e-02  2.375270e-02  1.744224e-02  9.213259e+00  4.100563e-01  3.453713e-01  8.653902e-01
 306  1.937834e-01  3.090830e-02  1.957045e-02  9.213259e+00  4.100563e-01  4.333586e-01  1.017351e-01
 307  1.433475e-01  6.043705e-02  3.239759e-02  9.213259e+00  4.100563e-01  4.233129e-01  2.081213e-01
 308  3.407920e-01  7.624257e-02  1.234724e-01  9.213259e+00  4.100563e-01  4.201440e-01  3.002269e-01
 309  2.645344e-01  7.414917e-02  9.975442e-02  9.213259e+00  4.100563e-01  4.160867e-01  3.949840e-01
 310  2.767349e-01  4.941997e-02  7.515140e-02  9.213259e+00  4.100563e-01  4.223090e-01  5.178614e-01
 311  1.454260e-01  3.465495e-02  3.302626e-02  9.213259e+00  4.100563e-01  4.271252e-01  6.786550e-01
 312  5.613514e-02  1.710549e-02  1.472117e-02  9.212750e+00  4.099920e-01  4.236960e-01  9.259649e-01
 313  5.699158e-03  2.990365e-02  6.168182e-02  9.213259e+00  4.100563e-01  5.322727e-01  1.022764e-01
 314  2.819372e-01  5.061068e-02  3.336768e-02  9.213259e+00  4.100563e-01  5.315092e-01  2.095885e-01
 315  9.247581e-02  5.643144e-02  8.851800e-03  9.213259e+00  4.100563e-01  5.341620e-01  3.039100e-01
 316  1.936138e-01  5.426337e-02  5.204772e-02  9.213259e+00  4.100563e-01  5.347640e-01  3.965045e-01
 317  1.172116e-01  3.373855e-02  2.970497e-02  9.213259e+00  4.100563e-01  5.240603e-01  5.219346e-01
 318  8.201289e-02  2.461363e-02  4.640666e-02  9.213259e+00  4.100563e-01  5.393638e-01  6.926223e-01
 319 -3.295888e-03  9.731686e-03  5.928291e-03  9.212750e+00  4.099920e-01  5.221796e-01  8.557504e-01
 320  3.464754e-02  1.420905e-02  1.623721e-02  9.213259e+00  4.100563e-01  6.677928e-01  8.521775e-02
 321  2.898480e-02  4.075979e-02  2.182112e-02  9.218269e+00  4.100285e-01  6.665624e-01  1.997586e-01
 322  1.519679e-01  3.268584e-02  4.317147e-02  9.213259e+00  4.100563e-01  6.785535e-01  3.013286e-01
 323  1.755835e-01  3.581048e-02  3.322956e-02  9.213259e+00  4.100563e-01  6.823600e-01  3.943826e-01
 324  1.066466e-01  2.336123e-02  4.671813e-02  9.213259e+00  4.100563e-01  6.737194e-01  5.151091e-01
 325  6.027147e-02  1.628320e-02  2.533363e-02  9.212750e+00  4.099920e-01  6.767802e-01  6.880272e-01
 326  2.204647e-02  6.227544e-03  5.761073e-03  9.212750e+00  4.099920e-01  6.939973e-01  9.096753e-01
 327  3.859214e-05  1.069173e-02  7.877452e-03  9.208596e+00  4.100822e-01  8.582909e-01  9.600587e-02
 328  1.233614e-02  1.282910e-02  1.112707e-02  9.213259e+00  4.100563e-01  8.818698e-01  2.071535e-01
 329  6.392655e-03  1.999721e-02  6.843771e-03  9.206122e+00  4.099481e-01  9.036481e-01  3.085943e-01
 330  3.286025e-02  1.631106e-02  1.779034e-02  9.213259e+00  4.100563e-01  9.021348e-01  3.919894e-01
 331  9.850528e-03  1.304531e-02  2.828915e-03  9.218045e+00  4.101289e-01  8.830205e-01  5.368534e-01
 332 -2.208123e-03  7.879205e-03  8.347726e-03  9.213259e+00  4.100563e-01  8.317327e-01  6.556321e-01
 333  1.741226e-02  5.291609e-03  3.073813e-03  9.218045e+00  4.101289e-01  8.255713e-01  9.014377e-01
