   0  3.961478e+00  5.759230e-02  3.502936e-01  1.249727e+00  3.758844e-02  1.522018e-01  1.105712e-01
   1  9.183072e+00  7.195339e-02  3.143965e-01  1.249727e+00  3.758844e-02  1.546220e-01  2.217933e-01
   2  9.771735e+00  7.069932e-02  5.892676e-01  1.249727e+00  3.758844e-02  1.560952e-01  3.276930e-01
   3  6.765875e+00  7.098244e-02  5.820321e-01  1.249727e+00  3.758844e-02  1.598010e-01  4.409912e-01
   4  4.539818e+00  5.917073e-02  3.199156e-01  1.249727e+00  3.758844e-02  1.624893e-01  5.817642e-01
   5  1.808754e+00  5.938146e-02  9.732278e-02  1.249727e+00  3.758844e-02  1.678483e-01  7.926040e-01
   6  1.148998e-01  5.825108e-02  1.268427e-02  1.249727e+00  3.758844e-02  1.928145e-01  1.188888e+00
   7  2.215238e+00  5.731148e-02  4.568058e-02  1.249727e+00  3.758844e-02  2.295056e-01  1.030673e-01
   8  3.886656e+00  7.584694e-02  2.288256e-01  1.249727e+00  3.758844e-02  2.340181e-01  2.126745e-01
   9  4.926303e+00  7.431604e-02  1.559328e-01  1.249727e+00  3.758844e-02  2.356541e-01  3.168787e-01
  10  4.791251e+00  6.526297e-02  7.204921e-02  1.249727e+00  3.758844e-02  2.376523e-01  4.233895e-01
  11  3.265081e+00  4.425583e-02  6.252590e-02  1.249727e+00  3.758844e-02  2.417390e-01  5.592720e-01
  12  1.356413e+00  2.904978e-02  5.430494e-02  1.249727e+00  3.758844e-02  2.479694e-01  7.537638e-01
  13  2.661333e-01  1.738906e-02  1.206328e-02  1.249727e+00  3.758844e-02  2.632606e-01  1.082000e+00
  14  1.306954e+00  4.732051e-02  4.861841e-02  1.249727e+00  3.758844e-02  2.776770e-01  1.029642e-01
  15  2.491409e+00  6.425884e-02  1.027097e-01  1.249727e+00  3.758844e-02  2.836573e-01  2.109934e-01
  16  2.981887e+00  6.512536e-02  1.263213e-01  1.249727e+00  3.758844e-02  2.846290e-01  3.130165e-01
  17  3.394008e+00  5.862157e-02  1.200799e-01  1.249727e+00  3.758844e-02  2.877546e-01  4.189956e-01
  18  2.460728e+00  3.846587e-02  6.599792e-02  1.249727e+00  3.758844e-02  2.907836e-01  5.504850e-01
  19  1.144345e+00  2.322440e-02  4.578264e-02  1.249727e+00  3.758844e-02  2.974947e-01  7.397019e-01
  20  2.388908e-01  9.951389e-03  1.047607e-02  1.249727e+00  3.758844e-02  3.072802e-01  1.037783e+00
  21  8.065223e-01  3.141158e-02  5.641663e-02  1.249727e+00  3.758844e-02  3.362224e-01  1.042253e-01
  22  1.788656e+00  4.097900e-02  9.840671e-02  1.249727e+00  3.758844e-02  3.423433e-01  2.076161e-01
  23  1.946888e+00  4.108793e-02  1.211118e-01  1.249727e+00  3.758844e-02  3.437677e-01  3.105868e-01
  24  2.026826e+00  4.121599e-02  1.206081e-01  1.249727e+00  3.758844e-02  3.460258e-01  4.137805e-01
  25  1.830001e+00  2.598778e-02  8.101320e-02  1.249727e+00  3.758844e-02  3.496685e-01  5.444205e-01
  26  8.490186e-01  1.601695e-02  5.212905e-02  1.249727e+00  3.758844e-02  3.548945e-01  7.235790e-01
  27  2.199136e-01  5.986739e-03  1.215522e-02  1.249727e+00  3.758844e-02  3.603850e-01  9.972845e-01
  28  4.050159e-01  1.861634e-02  3.709504e-02  1.249727e+00  3.758844e-02  4.218557e-01  9.982441e-02
  29  8.804542e-01  2.631391e-02  6.965969e-02  1.249727e+00  3.758844e-02  4.256206e-01  2.067432e-01
  30  1.148962e+00  2.646648e-02  9.026769e-02  1.249727e+00  3.758844e-02  4.297563e-01  3.092288e-01
  31  1.090103e+00  2.595521e-02  9.442826e-02  1.249727e+00  3.758844e-02  4.297738e-01  4.094817e-01
  32  1.047944e+00  1.873286e-02  7.013874e-02  1.249727e+00  3.758844e-02  4.325416e-01  5.355523e-01
  33  5.583074e-01  1.117427e-02  5.322527e-02  1.249727e+00  3.758844e-02  4.359502e-01  7.101796e-01
  34  1.929673e-01  4.192903e-03  1.503451e-02  1.249727e+00  3.758844e-02  4.414493e-01  9.746915e-01
  35  1.465033e-01  1.146190e-02  1.730260e-02  1.249727e+00  3.758844e-02  5.334359e-01  1.030419e-01
  36  3.806650e-01  1.709015e-02  5.790516e-02  1.249727e+00  3.758844e-02  5.370032e-01  2.055688e-01
  37  5.280778e-01  1.661880e-02  5.340309e-02  1.249727e+00  3.758844e-02  5.377358e-01  3.056045e-01
  38  6.244756e-01  1.650444e-02  5.412963e-02  1.249727e+00  3.758844e-02  5.421495e-01  4.083209e-01
  39  4.633256e-01  1.157805e-02  4.327010e-02  1.249727e+00  3.758844e-02  5.419208e-01  5.321106e-01
  40  3.236917e-01  8.463532e-03  3.142291e-02  1.249727e+00  3.758844e-02  5.442552e-01  7.035105e-01
  41  1.436913e-01  2.969468e-03  9.880910e-03  1.249727e+00  3.758844e-02  5.456988e-01  9.611047e-01
  42  6.067973e-02  4.461012e-03  5.860907e-03  1.249727e+00  3.758844e-02  6.918871e-01  1.002800e-01
  43  1.891174e-01  7.098093e-03  1.634061e-02  1.249727e+00  3.758844e-02  6.945797e-01  2.037743e-01
  44  2.096356e-01  7.618241e-03  1.795227e-02  1.249727e+00  3.758844e-02  6.895546e-01  3.006263e-01
  45  2.718198e-01  8.126062e-03  2.443072e-02  1.249727e+00  3.758844e-02  6.884266e-01  4.009616e-01
  46  2.036767e-01  5.743167e-03  1.748933e-02  1.249727e+00  3.758844e-02  6.875906e-01  5.234161e-01
  47  1.580509e-01  4.178244e-03  1.432282e-02  1.249727e+00  3.758844e-02  6.888948e-01  6.944425e-01
  48  6.905575e-02  1.905074e-03  6.714713e-03  1.249727e+00  3.758844e-02  6.915313e-01  9.509999e-01
  49  2.116203e-02  1.243486e-03  1.473954e-03  1.249727e+00  3.758844e-02  8.865441e-01  9.783861e-02
  50  3.856526e-02  2.364752e-03  4.299907e-03  1.249727e+00  3.758844e-02  8.832255e-01  1.995942e-01
  51  3.973791e-02  2.549177e-03  3.174751e-03  1.249727e+00  3.758844e-02  8.754233e-01  3.019232e-01
  52  3.414982e-02  2.475532e-03  3.035402e-03  1.249727e+00  3.758844e-02  8.699650e-01  3.962695e-01
  53  3.048527e-02  1.901381e-03  2.261644e-03  1.249727e+00  3.758844e-02  8.655884e-01  5.209250e-01
  54  2.715703e-02  1.990377e-03  2.638824e-03  1.249727e+00  3.758844e-02  8.600547e-01  6.960213e-01
  55  1.144652e-02  8.681028e-04  9.482249e-04  1.249727e+00  3.758844e-02  8.724795e-01  9.375923e-01
  56  4.003387e+00  4.851267e-02  3.614001e-01  1.509975e+00  6.109764e-02  1.439628e-01  1.046556e-01
  57  7.907755e+00  7.377212e-02  4.390662e-01  1.509975e+00  6.109764e-02  1.461407e-01  2.107767e-01
  58  1.002354e+01  7.295733e-02  7.023697e-01  1.509975e+00  6.109764e-02  1.486257e-01  3.112248e-01
  59  6.827055e+00  6.962535e-02  6.370010e-01  1.509975e+00  6.109764e-02  1.511631e-01  4.170074e-01
  60  3.968226e+00  5.753038e-02  3.485245e-01  1.509975e+00  6.109764e-02  1.539638e-01  5.513599e-01
  61  1.460726e+00  5.651416e-02  1.551986e-01  1.509975e+00  6.109764e-02  1.608550e-01  7.532439e-01
  62  2.647490e-01  4.647643e-02  2.044723e-02  1.509975e+00  6.109764e-02  1.631639e-01  9.765577e-01
  63  1.814055e+00  3.199995e-02  3.954633e-02  1.509975e+00  6.109764e-02  2.244163e-01  1.005013e-01
  64  4.284944e+00  5.948312e-02  2.462391e-01  1.509975e+00  6.109764e-02  2.253329e-01  2.049550e-01
  65  4.364408e+00  6.404949e-02  8.517738e-02  1.509975e+00  6.109764e-02  2.268693e-01  3.041483e-01
  66  4.143713e+00  5.776938e-02  9.852110e-02  1.509975e+00  6.109764e-02  2.293571e-01  4.075722e-01
  67  2.762274e+00  3.927064e-02  7.808838e-02  1.509975e+00  6.109764e-02  2.306755e-01  5.304550e-01
  68  8.142962e-01  2.574875e-02  6.472827e-02  1.509975e+00  6.109764e-02  2.357579e-01  7.163498e-01
  69  1.631474e-01  1.400781e-02  1.146282e-02  1.509975e+00  6.109764e-02  2.448666e-01  9.995748e-01
  70  1.151582e+00  2.631606e-02  5.984728e-02  1.509975e+00  6.109764e-02  2.744124e-01  1.022416e-01
  71  2.551501e+00  4.688609e-02  7.126972e-02  1.509975e+00  6.109764e-02  2.757215e-01  2.044328e-01
  72  3.556106e+00  5.592559e-02  1.139360e-01  1.509975e+00  6.109764e-02  2.769695e-01  3.037120e-01
  73  2.926223e+00  5.153085e-02  8.616773e-02  1.509975e+00  6.109764e-02  2.782737e-01  4.052699e-01
  74  2.011326e+00  3.413372e-02  5.572342e-02  1.509975e+00  6.109764e-02  2.799357e-01  5.299184e-01
  75  8.376351e-01  1.918336e-02  6.095008e-02  1.509975e+00  6.109764e-02  2.843332e-01  7.068862e-01
  76  1.558699e-01  8.103495e-03  1.131006e-02  1.509975e+00  6.109764e-02  2.938136e-01  9.893213e-01
  77  8.448944e-01  1.652974e-02  6.232462e-02  1.509975e+00  6.109764e-02  3.339281e-01  1.016775e-01
  78  1.667163e+00  2.778310e-02  7.390163e-02  1.509975e+00  6.109764e-02  3.360587e-01  2.036475e-01
  79  2.306156e+00  3.402283e-02  1.076210e-01  1.509975e+00  6.109764e-02  3.356573e-01  3.029124e-01
  80  2.247333e+00  3.499115e-02  9.630451e-02  1.509975e+00  6.109764e-02  3.387938e-01  4.041802e-01
  81  1.589231e+00  2.319289e-02  6.970424e-02  1.509975e+00  6.109764e-02  3.402057e-01  5.251957e-01
  82  7.733542e-01  1.331940e-02  2.663298e-02  1.509975e+00  6.109764e-02  3.440027e-01  6.990415e-01
  83  1.382834e-01  4.677611e-03  4.534121e-03  1.509975e+00  6.109764e-02  3.489000e-01  9.551124e-01
  84  4.167092e-01  9.427171e-03  4.132809e-02  1.509975e+00  6.109764e-02  4.206890e-01  1.000950e-01
  85  8.456982e-01  1.681984e-02  6.100715e-02  1.509975e+00  6.109764e-02  4.215883e-01  2.040562e-01
  86  1.052950e+00  2.050270e-02  8.206414e-02  1.509975e+00  6.109764e-02  4.217390e-01  3.031614e-01
  87  1.323895e+00  2.221522e-02  8.346291e-02  1.509975e+00  6.109764e-02  4.233100e-01  4.026312e-01
  88  9.318050e-01  1.653363e-02  6.513938e-02  1.509975e+00  6.109764e-02  4.247528e-01  5.254365e-01
  89  5.539127e-01  1.002114e-02  2.353365e-02  1.509975e+00  6.109764e-02  4.283257e-01  6.943366e-01
  90  1.267253e-01  3.242603e-03  4.989411e-03  1.509975e+00  6.109764e-02  4.298014e-01  9.390730e-01
  91  1.822030e-01  5.554337e-03  1.837577e-02  1.509975e+00  6.109764e-02  5.330683e-01  1.022494e-01
  92  4.615787e-01  1.073158e-02  3.819241e-02  1.509975e+00  6.109764e-02  5.321879e-01  2.038958e-01
  93  5.775213e-01  1.250871e-02  5.072162e-02  1.509975e+00  6.109764e-02  5.329974e-01  3.032505e-01
  94  6.277388e-01  1.382656e-02  5.308430e-02  1.509975e+00  6.109764e-02  5.337538e-01  4.022492e-01
  95  5.702484e-01  1.099870e-02  4.205448e-02  1.509975e+00  6.109764e-02  5.350361e-01  5.239429e-01
  96  3.941991e-01  7.609823e-03  3.420213e-02  1.509975e+00  6.109764e-02  5.369338e-01  6.922812e-01
  97  8.888763e-02  2.580803e-03  9.445741e-03  1.509975e+00  6.109764e-02  5.401394e-01  9.432310e-01
  98  6.828994e-02  2.521923e-03  8.954790e-03  1.509975e+00  6.109764e-02  6.933607e-01  1.037416e-01
  99  1.659751e-01  4.911452e-03  1.519455e-02  1.509975e+00  6.109764e-02  6.930896e-01  2.040687e-01
 100  2.086409e-01  5.816092e-03  2.191109e-02  1.509975e+00  6.109764e-02  6.890674e-01  3.026606e-01
 101  2.987335e-01  6.654352e-03  2.647104e-02  1.509975e+00  6.109764e-02  6.888851e-01  4.009793e-01
 102  2.358276e-01  5.152377e-03  2.194465e-02  1.509975e+00  6.109764e-02  6.880571e-01  5.228719e-01
 103  2.017381e-01  3.986700e-03  1.333579e-02  1.509975e+00  6.109764e-02  6.864068e-01  6.920238e-01
 104  6.278255e-02  1.644233e-03  4.719523e-03  1.509975e+00  6.109764e-02  6.928279e-01  9.422052e-01
 105  3.216656e-02  9.866263e-04  3.799432e-03  1.509975e+00  6.109764e-02  8.912224e-01  1.017844e-01
 106  5.224920e-02  1.890317e-03  4.817593e-03  1.509975e+00  6.109764e-02  8.911835e-01  2.028534e-01
 107  7.155371e-02  2.106109e-03  5.729406e-03  1.509975e+00  6.109764e-02  8.830122e-01  3.029169e-01
 108  5.782122e-02  2.161715e-03  5.704664e-03  1.509975e+00  6.109764e-02  8.777640e-01  3.987020e-01
 109  4.763751e-02  1.686737e-03  4.126846e-03  1.509975e+00  6.109764e-02  8.732491e-01  5.221064e-01
 110  4.288598e-02  1.503379e-03  2.877242e-03  1.509975e+00  6.109764e-02  8.696478e-01  6.880977e-01
 111  1.638237e-02  6.940085e-04  1.072195e-03  1.509975e+00  6.109764e-02  8.594673e-01  9.231450e-01
 112  4.392003e+00  4.842312e-02  3.721316e-01  1.820673e+00  9.573812e-02  1.410092e-01  1.017843e-01
 113  7.986294e+00  8.358053e-02  6.017225e-01  1.820673e+00  9.573812e-02  1.428506e-01  2.056595e-01
 114  7.279318e+00  8.259437e-02  8.149226e-01  1.820673e+00  9.573812e-02  1.450221e-01  3.033441e-01
 115  6.396419e+00  7.421384e-02  7.066548e-01  1.820673e+00  9.573812e-02  1.467733e-01  4.052146e-01
 116  3.197824e+00  5.815857e-02  3.909224e-01  1.820673e+00  9.573812e-02  1.479921e-01  5.275755e-01
 117  1.182906e+00  5.394521e-02  1.007391e-01  1.820673e+00  9.573812e-02  1.527250e-01  7.063248e-01
 118  9.630466e-02  3.851352e-02  1.130383e-02  1.823411e+00  9.574256e-02  1.634441e-01  9.341316e-01
 119  1.741559e+00  2.950899e-02  7.050891e-02  1.820673e+00  9.573812e-02  2.237901e-01  1.015379e-01
 120  3.789956e+00  5.920246e-02  1.146394e-01  1.820673e+00  9.573812e-02  2.241223e-01  2.031645e-01
 121  4.683296e+00  7.266724e-02  1.355365e-01  1.820673e+00  9.573812e-02  2.250223e-01  3.017420e-01
 122  3.785368e+00  6.233640e-02  1.188157e-01  1.820673e+00  9.573812e-02  2.255493e-01  3.997225e-01
 123  2.187664e+00  3.758520e-02  8.959276e-02  1.820673e+00  9.573812e-02  2.267088e-01  5.209727e-01
 124  7.913989e-01  2.425398e-02  7.365823e-02  1.820673e+00  9.573812e-02  2.299627e-01  6.981484e-01
 125  1.355640e-01  1.323798e-02  1.447637e-02  1.820673e+00  9.573812e-02  2.377438e-01  9.619584e-01
 126  1.266459e+00  2.300799e-02  4.800808e-02  1.820673e+00  9.573812e-02  2.746311e-01  1.018513e-01
 127  2.624749e+00  4.509113e-02  7.933437e-02  1.820673e+00  9.573812e-02  2.739591e-01  2.030930e-01
 128  3.202330e+00  5.788474e-02  9.559620e-02  1.820673e+00  9.573812e-02  2.744155e-01  3.017068e-01
 129  2.936905e+00  5.695052e-02  4.487816e-02  1.820673e+00  9.573812e-02  2.751558e-01  3.995120e-01
 130  1.769932e+00  3.320128e-02  3.837505e-02  1.820673e+00  9.573812e-02  2.759994e-01  5.197482e-01
 131  6.708649e-01  1.825857e-02  2.676758e-02  1.820673e+00  9.573812e-02  2.778115e-01  6.866005e-01
 132  1.175633e-01  7.215124e-03  5.088590e-03  1.820673e+00  9.573812e-02  2.801205e-01  9.370765e-01
 133  8.008806e-01  1.346774e-02  5.951366e-02  1.820673e+00  9.573812e-02  3.342592e-01  1.003825e-01
 134  1.724893e+00  2.632323e-02  5.029845e-02  1.820673e+00  9.573812e-02  3.343179e-01  2.034839e-01
 135  2.175947e+00  3.365870e-02  7.436715e-02  1.820673e+00  9.573812e-02  3.347903e-01  3.006798e-01
 136  2.014305e+00  3.664382e-02  6.470788e-02  1.820673e+00  9.573812e-02  3.365123e-01  4.007954e-01
 137  1.376943e+00  2.326985e-02  3.794029e-02  1.820673e+00  9.573812e-02  3.370449e-01  5.195907e-01
 138  5.901988e-01  1.196952e-02  1.925563e-02  1.820673e+00  9.573812e-02  3.378232e-01  6.857118e-01
 139  1.031549e-01  3.952474e-03  3.476636e-03  1.820673e+00  9.573812e-02  3.420251e-01  9.335902e-01
 140  4.111900e-01  8.927437e-03  4.312838e-02  1.820673e+00  9.573812e-02  4.195182e-01  1.004534e-01
 141  9.374797e-01  1.658609e-02  5.175308e-02  1.820673e+00  9.573812e-02  4.202932e-01  2.036825e-01
 142  1.223821e+00  2.033334e-02  6.547433e-02  1.820673e+00  9.573812e-02  4.211114e-01  3.010032e-01
 143  1.059990e+00  2.247032e-02  5.869091e-02  1.820673e+00  9.573812e-02  4.208069e-01  4.003975e-01
 144  9.993984e-01  1.727560e-02  4.345847e-02  1.820673e+00  9.573812e-02  4.224161e-01  5.205000e-01
 145  4.346991e-01  9.386784e-03  1.489493e-02  1.820673e+00  9.573812e-02  4.247426e-01  6.843960e-01
 146  9.148605e-02  2.810882e-03  2.666555e-03  1.820673e+00  9.573812e-02  4.297289e-01  9.340595e-01
 147  2.445804e-01  5.573941e-03  2.119116e-02  1.820673e+00  9.573812e-02  5.332304e-01  1.028590e-01
 148  4.017214e-01  1.036545e-02  3.306089e-02  1.820673e+00  9.573812e-02  5.315024e-01  2.034328e-01
 149  5.897826e-01  1.253122e-02  4.190140e-02  1.820673e+00  9.573812e-02  5.314655e-01  3.020748e-01
 150  6.505804e-01  1.423228e-02  4.500200e-02  1.820673e+00  9.573812e-02  5.327436e-01  4.004920e-01
 151  5.661352e-01  1.147411e-02  3.612657e-02  1.820673e+00  9.573812e-02  5.337797e-01  5.206743e-01
 152  3.680593e-01  8.785122e-03  1.580043e-02  1.820673e+00  9.573812e-02  5.366226e-01  6.890582e-01
 153  9.502172e-02  2.492508e-03  3.962020e-03  1.820673e+00  9.573812e-02  5.397119e-01  9.240923e-01
 154  8.892148e-02  3.235859e-03  9.732379e-03  1.820673e+00  9.573812e-02  6.960489e-01  1.013834e-01
 155  2.243077e-01  6.197709e-03  1.429619e-02  1.820673e+00  9.573812e-02  6.945094e-01  2.034764e-01
 156  2.662248e-01  7.392037e-03  2.485423e-02  1.820673e+00  9.573812e-02  6.939175e-01  3.011317e-01
 157  3.402962e-01  7.716204e-03  2.980987e-02  1.820673e+00  9.573812e-02  6.905711e-01  3.995299e-01
 158  3.491979e-01  6.440214e-03  2.638624e-02  1.820673e+00  9.573812e-02  6.903756e-01  5.228322e-01
 159  2.462797e-01  5.254550e-03  1.266567e-02  1.820673e+00  9.573812e-02  6.890572e-01  6.909232e-01
 160  8.438516e-02  1.969714e-03  4.149070e-03  1.820673e+00  9.573812e-02  6.948838e-01  9.272209e-01
 161  4.818268e-02  1.526177e-03  5.890197e-03  1.820673e+00  9.573812e-02  9.016582e-01  1.020361e-01
 162  1.120381e-01  3.083497e-03  6.694805e-03  1.820673e+00  9.573812e-02  8.971350e-01  1.991386e-01
 163  1.120917e-01  3.212360e-03  9.061828e-03  1.820673e+00  9.573812e-02  8.886286e-01  2.978530e-01
 164  8.713773e-02  2.957104e-03  7.897471e-03  1.820673e+00  9.573812e-02  8.843359e-01  4.009305e-01
 165  6.770385e-02  2.076168e-03  5.302718e-03  1.820673e+00  9.573812e-02  8.748845e-01  5.188970e-01
 166  5.227993e-02  1.753945e-03  2.555600e-03  1.820673e+00  9.573812e-02  8.664522e-01  6.882752e-01
 167  2.043532e-02  8.322819e-04  9.625504e-04  1.820673e+00  9.573812e-02  8.560135e-01  9.247523e-01
 168  3.773008e+00  5.566663e-02  4.025024e-01  2.875440e+00  1.522067e-01  1.408494e-01  1.021944e-01
 169  8.145933e+00  1.116782e-01  7.392703e-01  2.875440e+00  1.522067e-01  1.416427e-01  2.030488e-01
 170  7.393116e+00  1.200485e-01  9.852060e-01  2.875440e+00  1.522067e-01  1.432615e-01  2.997875e-01
 171  6.399337e+00  9.955753e-02  7.808993e-01  2.875440e+00  1.522067e-01  1.448699e-01  3.978712e-01
 172  3.170315e+00  7.359365e-02  4.343968e-01  2.875440e+00  1.522067e-01  1.444523e-01  5.151589e-01
 173  7.840680e-01  6.523319e-02  1.035176e-01  2.875440e+00  1.522067e-01  1.494346e-01  6.792425e-01
 174  5.196941e-02  3.617428e-02  1.227921e-02  2.875440e+00  1.522067e-01  1.576206e-01  8.880217e-01
 175  1.969308e+00  3.433341e-02  1.072585e-01  2.875440e+00  1.522067e-01  2.233066e-01  1.016154e-01
 176  3.828007e+00  7.088990e-02  1.966088e-01  2.875440e+00  1.522067e-01  2.235562e-01  2.032590e-01
 177  4.291017e+00  8.924043e-02  2.038751e-01  2.875440e+00  1.522067e-01  2.239370e-01  3.001776e-01
 178  3.726548e+00  8.450843e-02  1.797341e-01  2.875440e+00  1.522067e-01  2.242664e-01  3.978186e-01
 179  2.325201e+00  4.803246e-02  1.210843e-01  2.875440e+00  1.522067e-01  2.250540e-01  5.178970e-01
 180  9.487091e-01  3.093353e-02  8.929346e-02  2.875440e+00  1.522067e-01  2.256808e-01  6.830358e-01
 181  8.443536e-02  1.397225e-02  9.803232e-03  2.875440e+00  1.522067e-01  2.275807e-01  9.170666e-01
 182  1.378002e+00  2.711999e-02  7.229304e-02  2.875440e+00  1.522067e-01  2.730387e-01  1.019991e-01
 183  2.596596e+00  5.185757e-02  9.666559e-02  2.875440e+00  1.522067e-01  2.736490e-01  2.036328e-01
 184  3.151233e+00  6.958433e-02  1.119915e-01  2.875440e+00  1.522067e-01  2.737446e-01  3.008867e-01
 185  2.839065e+00  7.302547e-02  8.361363e-02  2.875440e+00  1.522067e-01  2.748300e-01  3.973777e-01
 186  1.738526e+00  4.367244e-02  6.339893e-02  2.875440e+00  1.522067e-01  2.749133e-01  5.189252e-01
 187  6.334214e-01  2.253809e-02  3.607446e-02  2.875440e+00  1.522067e-01  2.750442e-01  6.840308e-01
 188  1.072227e-01  8.532919e-03  5.473487e-03  2.875440e+00  1.522067e-01  2.762673e-01  9.194265e-01
 189  8.024955e-01  1.614880e-02  4.558331e-02  2.875440e+00  1.522067e-01  3.346326e-01  1.000063e-01
 190  1.661347e+00  3.036062e-02  4.167969e-02  2.875440e+00  1.522067e-01  3.339423e-01  2.028664e-01
 191  2.120347e+00  3.912350e-02  5.559921e-02  2.875440e+00  1.522067e-01  3.344857e-01  3.005534e-01
 192  2.005809e+00  4.559055e-02  5.266307e-02  2.875440e+00  1.522067e-01  3.352979e-01  3.987392e-01
 193  1.258667e+00  2.982743e-02  4.271685e-02  2.875440e+00  1.522067e-01  3.361618e-01  5.174031e-01
 194  5.758488e-01  1.584782e-02  2.729066e-02  2.875440e+00  1.522067e-01  3.380527e-01  6.805782e-01
 195  9.029866e-02  4.865829e-03  4.446988e-03  2.875440e+00  1.522067e-01  3.374805e-01  9.171139e-01
 196  4.668288e-01  1.049929e-02  3.807266e-02  2.875440e+00  1.522067e-01  4.200232e-01  1.001037e-01
 197  9.602971e-01  1.884862e-02  3.154927e-02  2.875440e+00  1.522067e-01  4.197803e-01  2.024835e-01
 198  1.145661e+00  2.339623e-02  4.548941e-02  2.875440e+00  1.522067e-01  4.206726e-01  3.011082e-01
 199  1.314225e+00  2.754570e-02  4.842835e-02  2.875440e+00  1.522067e-01  4.201912e-01  3.991343e-01
 200  8.871126e-01  2.155640e-02  3.039304e-02  2.875440e+00  1.522067e-01  4.225775e-01  5.197599e-01
 201  4.832914e-01  1.309207e-02  1.806988e-02  2.875440e+00  1.522067e-01  4.230185e-01  6.861415e-01
 202  8.590427e-02  3.637378e-03  3.466102e-03  2.875440e+00  1.522067e-01  4.255617e-01  9.240385e-01
 203  1.881188e-01  6.889987e-03  1.753831e-02  2.875440e+00  1.522067e-01  5.307221e-01  1.014433e-01
 204  4.514695e-01  1.312508e-02  2.471557e-02  2.875440e+00  1.522067e-01  5.320752e-01  2.022009e-01
 205  5.061178e-01  1.527460e-02  3.154147e-02  2.875440e+00  1.522067e-01  5.313705e-01  3.019197e-01
 206  6.113235e-01  1.723939e-02  3.383962e-02  2.875440e+00  1.522067e-01  5.315255e-01  3.998206e-01
 207  5.703483e-01  1.383807e-02  2.856477e-02  2.875440e+00  1.522067e-01  5.316721e-01  5.211361e-01
 208  3.661172e-01  1.054259e-02  1.386517e-02  2.875440e+00  1.522067e-01  5.348284e-01  6.874533e-01
 209  7.611308e-02  3.124894e-03  2.562568e-03  2.875440e+00  1.522067e-01  5.395883e-01  9.230322e-01
 210  9.341381e-02  4.357424e-03  8.093925e-03  2.875440e+00  1.522067e-01  6.966653e-01  1.020401e-01
 211  2.030976e-01  8.342245e-03  9.914532e-03  2.875440e+00  1.522067e-01  6.922733e-01  2.019400e-01
 212  2.725702e-01  9.323048e-03  1.994216e-02  2.875440e+00  1.522067e-01  6.930675e-01  3.006171e-01
 213  2.800979e-01  9.701723e-03  2.218092e-02  2.875440e+00  1.522067e-01  6.916076e-01  3.990339e-01
 214  2.692942e-01  7.090672e-03  1.849420e-02  2.875440e+00  1.522067e-01  6.877124e-01  5.207633e-01
 215  2.032833e-01  5.994040e-03  9.485695e-03  2.875440e+00  1.522067e-01  6.891702e-01  6.882359e-01
 216  7.171492e-02  2.418250e-03  3.421666e-03  2.875440e+00  1.522067e-01  6.917708e-01  9.311620e-01
 217  6.517477e-02  2.371967e-03  5.006200e-03  2.875440e+00  1.522067e-01  9.013717e-01  9.978446e-02
 218  1.037041e-01  4.251382e-03  4.455681e-03  2.875440e+00  1.522067e-01  8.967331e-01  2.009713e-01
 219  1.051182e-01  4.608953e-03  7.731154e-03  2.875440e+00  1.522067e-01  8.908345e-01  2.998017e-01
 220  8.707438e-02  4.626154e-03  8.480898e-03  2.875440e+00  1.522067e-01  8.860143e-01  3.984479e-01
 221  7.238465e-02  3.053993e-03  5.390280e-03  2.875440e+00  1.522067e-01  8.811046e-01  5.226249e-01
 222  4.247805e-02  2.017397e-03  1.853701e-03  2.875440e+00  1.522067e-01  8.678570e-01  6.897536e-01
 223  1.366836e-02  7.672171e-04  5.133685e-04  2.875440e+00  1.522067e-01  8.587478e-01  9.248074e-01
 224  3.891713e+00  9.105281e-02  4.136474e-01  5.241270e+00  2.538812e-01  1.412278e-01  1.024111e-01
 225  8.453422e+00  2.002938e-01  1.025706e+00  5.241270e+00  2.538812e-01  1.417967e-01  2.019977e-01
 226  8.962936e+00  2.341774e-01  8.520992e-01  5.241270e+00  2.538812e-01  1.432386e-01  2.984533e-01
 227  5.969286e+00  1.925937e-01  6.138554e-01  5.241270e+00  2.538812e-01  1.444774e-01  3.972827e-01
 228  3.725269e+00  1.297109e-01  3.659594e-01  5.241270e+00  2.538812e-01  1.445631e-01  5.135026e-01
 229  1.098802e+00  1.102896e-01  1.657297e-01  5.241270e+00  2.538812e-01  1.464788e-01  6.713826e-01
 230  2.208567e-01  8.892115e-02  2.283001e-02  5.244379e+00  2.538859e-01  1.594801e-01  8.621616e-01
 231  1.977362e+00  5.341661e-02  1.771403e-01  5.241270e+00  2.538812e-01  2.233892e-01  1.019924e-01
 232  4.663812e+00  1.087954e-01  2.628498e-01  5.241270e+00  2.538812e-01  2.233718e-01  2.033556e-01
 233  4.921488e+00  1.443203e-01  4.153176e-01  5.241270e+00  2.538812e-01  2.235769e-01  2.997037e-01
 234  3.730440e+00  1.504227e-01  3.943741e-01  5.241270e+00  2.538812e-01  2.240324e-01  3.979340e-01
 235  2.665576e+00  8.643890e-02  2.364851e-01  5.241270e+00  2.538812e-01  2.237448e-01  5.126537e-01
 236  8.904856e-01  5.103875e-02  7.260064e-02  5.241270e+00  2.538812e-01  2.243563e-01  6.780162e-01
 237  9.340374e-02  2.764168e-02  1.032936e-02  5.241270e+00  2.538812e-01  2.348217e-01  9.514567e-01
 238  1.370902e+00  4.304957e-02  7.618089e-02  5.241270e+00  2.538812e-01  2.735936e-01  1.002323e-01
 239  2.629805e+00  7.987028e-02  1.589850e-01  5.241270e+00  2.538812e-01  2.733431e-01  2.031400e-01
 240  3.230772e+00  1.026560e-01  2.939572e-01  5.241270e+00  2.538812e-01  2.736796e-01  3.006501e-01
 241  3.227736e+00  1.170750e-01  1.454187e-01  5.241270e+00  2.538812e-01  2.742115e-01  3.991508e-01
 242  1.849801e+00  7.989787e-02  1.164960e-01  5.241270e+00  2.538812e-01  2.740728e-01  5.158629e-01
 243  6.089316e-01  3.842513e-02  5.369266e-02  5.241270e+00  2.538812e-01  2.748611e-01  6.792856e-01
 244  6.845058e-02  1.437359e-02  7.731651e-03  5.241270e+00  2.538812e-01  2.762963e-01  9.155346e-01
 245  8.194430e-01  2.747066e-02  2.739662e-02  5.241270e+00  2.538812e-01  3.342764e-01  9.973491e-02
 246  1.554491e+00  4.869847e-02  9.630737e-02  5.241270e+00  2.538812e-01  3.344250e-01  2.033967e-01
 247  2.062138e+00  6.064634e-02  7.258551e-02  5.241270e+00  2.538812e-01  3.344928e-01  3.008143e-01
 248  1.933819e+00  6.880100e-02  7.677248e-02  5.241270e+00  2.538812e-01  3.348734e-01  3.993397e-01
 249  1.390048e+00  5.033814e-02  6.357121e-02  5.241270e+00  2.538812e-01  3.352298e-01  5.193547e-01
 250  6.485321e-01  2.860593e-02  5.019181e-02  5.241270e+00  2.538812e-01  3.362305e-01  6.811981e-01
 251  9.172008e-02  8.041254e-03  7.342831e-03  5.241270e+00  2.538812e-01  3.397942e-01  9.161390e-01
 252  4.500689e-01  1.715282e-02  6.602281e-03  5.241270e+00  2.538812e-01  4.196647e-01  1.003157e-01
 253  9.250985e-01  3.192930e-02  5.643168e-02  5.241270e+00  2.538812e-01  4.198275e-01  2.029741e-01
 254  1.154842e+00  3.825025e-02  3.111120e-02  5.241270e+00  2.538812e-01  4.198693e-01  3.024740e-01
 255  1.219072e+00  4.160669e-02  3.338026e-02  5.241270e+00  2.538812e-01  4.200415e-01  3.991287e-01
 256  9.652987e-01  3.205305e-02  3.507200e-02  5.241270e+00  2.538812e-01  4.200672e-01  5.190967e-01
 257  5.170131e-01  2.223360e-02  3.710873e-02  5.241270e+00  2.538812e-01  4.211568e-01  6.851801e-01
 258  9.203244e-02  6.388618e-03  6.988321e-03  5.241270e+00  2.538812e-01  4.242912e-01  9.146576e-01
 259  2.337385e-01  1.153553e-02  8.859879e-03  5.241270e+00  2.538812e-01  5.288867e-01  1.012329e-01
 260  4.481929e-01  2.181492e-02  2.525530e-02  5.241270e+00  2.538812e-01  5.317876e-01  2.022947e-01
 261  5.734930e-01  2.605066e-02  4.706321e-02  5.241270e+00  2.538812e-01  5.299211e-01  3.007535e-01
 262  5.490069e-01  2.708227e-02  2.058406e-02  5.241270e+00  2.538812e-01  5.310768e-01  3.998819e-01
 263  5.771642e-01  2.048388e-02  2.303849e-02  5.241270e+00  2.538812e-01  5.317562e-01  5.212398e-01
 264  3.193990e-01  1.462834e-02  1.608434e-02  5.241270e+00  2.538812e-01  5.334503e-01  6.864359e-01
 265  9.496405e-02  5.841256e-03  4.499661e-03  5.241270e+00  2.538812e-01  5.351942e-01  9.200033e-01
 266  9.213246e-02  7.355691e-03  3.077166e-03  5.241270e+00  2.538812e-01  6.875139e-01  9.939533e-02
 267  2.274464e-01  1.437272e-02  1.691132e-02  5.241270e+00  2.538812e-01  6.874521e-01  2.026394e-01
 268  2.713613e-01  1.674789e-02  1.458824e-02  5.241270e+00  2.538812e-01  6.898321e-01  3.008186e-01
 269  2.588788e-01  1.683335e-02  1.148534e-02  5.241270e+00  2.538812e-01  6.895399e-01  3.998817e-01
 270  2.660463e-01  1.132574e-02  1.102623e-02  5.241270e+00  2.538812e-01  6.887112e-01  5.211443e-01
 271  1.671826e-01  7.610081e-03  6.578277e-03  5.241270e+00  2.538812e-01  6.877312e-01  6.895752e-01
 272  6.118735e-02  3.304612e-03  2.315592e-03  5.241270e+00  2.538812e-01  6.882928e-01  9.349834e-01
 273  5.160565e-02  3.744290e-03  1.387153e-03  5.241270e+00  2.538812e-01  9.042858e-01  1.003364e-01
 274  8.995061e-02  7.172878e-03  6.204332e-03  5.241270e+00  2.538812e-01  8.979075e-01  2.046823e-01
 275  9.883104e-02  8.168717e-03  5.434107e-03  5.241270e+00  2.538812e-01  8.912909e-01  3.002725e-01
 276  8.688469e-02  8.808696e-03  4.519060e-03  5.241270e+00  2.538812e-01  8.847169e-01  3.988221e-01
 277  5.784285e-02  5.087240e-03  2.793240e-03  5.241270e+00  2.538812e-01  8.826367e-01  5.205144e-01
 278  5.346498e-02  3.220005e-03  1.930859e-03  5.241270e+00  2.538812e-01  8.751826e-01  6.883358e-01
 279  1.210481e-02  1.203907e-03  4.719064e-04  5.241270e+00  2.538812e-01  8.526000e-01  9.168519e-01
 280  3.099148e+00  3.213458e-01  4.317633e-01  9.213259e+00  4.100563e-01  1.410850e-01  1.047720e-01
 281  1.077261e+01  7.912504e-01  1.286004e+00  9.213259e+00  4.100563e-01  1.415724e-01  2.057720e-01
 282  7.333022e+00  9.132239e-01  1.004248e+00  9.213259e+00  4.100563e-01  1.422340e-01  2.995122e-01
 283  5.174263e+00  6.976813e-01  6.354893e-01  9.213259e+00  4.100563e-01  1.450657e-01  3.989072e-01
 284  3.292658e+00  4.477960e-01  4.350749e-01  9.213259e+00  4.100563e-01  1.430439e-01  5.196420e-01
 285  1.282202e+00  3.159776e-01  1.981871e-01  9.213259e+00  4.100563e-01  1.474982e-01  6.725072e-01
 286  4.682424e-01  3.392398e-01  4.908715e-02  9.218269e+00  4.100285e-01  1.524280e-01  8.378249e-01
 287  1.750149e+00  1.767311e-01  1.805514e-01  9.213259e+00  4.100563e-01  2.228513e-01  1.004769e-01
 288  3.637672e+00  3.298315e-01  2.861483e-01  9.213259e+00  4.100563e-01  2.239965e-01  2.030138e-01
 289  6.986903e+00  4.379744e-01  5.543201e-01  9.213259e+00  4.100563e-01  2.234132e-01  3.004495e-01
 290  3.793765e+00  4.567181e-01  4.689694e-01  9.213259e+00  4.100563e-01  2.242476e-01  3.985812e-01
 291  2.744076e+00  2.793328e-01  3.056741e-01  9.213259e+00  4.100563e-01  2.249432e-01  5.120458e-01
 292  8.155151e-01  1.361435e-01  7.066760e-02  9.213259e+00  4.100563e-01  2.237477e-01  6.801197e-01
 293  8.545829e-02  7.500114e-02  9.844788e-03  9.213259e+00  4.100563e-01  2.305235e-01  8.537389e-01
 294  1.529341e+00  1.474953e-01  8.128290e-02  9.213259e+00  4.100563e-01  2.753164e-01  1.011079e-01
 295  2.406524e+00  2.613179e-01  1.798549e-01  9.213259e+00  4.100563e-01  2.731393e-01  2.058640e-01
 296  4.143731e+00  3.284395e-01  3.341733e-01  9.213259e+00  4.100563e-01  2.734296e-01  3.021626e-01
 297  3.381866e+00  3.522193e-01  1.560694e-01  9.213259e+00  4.100563e-01  2.728007e-01  3.965192e-01
 298  1.996194e+00  2.435428e-01  1.266298e-01  9.213259e+00  4.100563e-01  2.735613e-01  5.174612e-01
 299  8.086240e-01  1.364088e-01  7.589850e-02  9.213259e+00  4.100563e-01  2.777073e-01  6.717352e-01
 300  4.038177e-02  3.862638e-02  4.958659e-03  9.212750e+00  4.099920e-01  2.837143e-01  9.139649e-01
 301  8.494447e-01  8.863095e-02  2.048754e-02  9.213259e+00  4.100563e-01  3.337173e-01  1.082822e-01
 302  1.761416e+00  1.566905e-01  9.891125e-02  9.213259e+00  4.100563e-01  3.357846e-01  2.036570e-01
 303  2.102821e+00  1.968281e-01  8.035587e-02  9.213259e+00  4.100563e-01  3.368510e-01  2.998794e-01
 304  1.915829e+00  2.114480e-01  9.649208e-02  9.213259e+00  4.100563e-01  3.334891e-01  3.997296e-01
 305  1.515001e+00  1.555876e-01  8.084071e-02  9.213259e+00  4.100563e-01  3.345220e-01  5.199434e-01
 306  1.069977e+00  1.046346e-01  6.853977e-02  9.213259e+00  4.100563e-01  3.368333e-01  6.778405e-01
 307  2.820079e-02  2.272341e-02  5.400943e-03  9.213259e+00  4.100563e-01  3.386777e-01  8.854977e-01
 308  3.393543e-01  5.341652e-02  7.678069e-03  9.213259e+00  4.100563e-01  4.220476e-01  1.028415e-01
 309  8.949769e-01  1.102821e-01  5.675460e-02  9.213259e+00  4.100563e-01  4.203105e-01  2.019101e-01
 310  1.533470e+00  1.346178e-01  4.158314e-02  9.213259e+00  4.100563e-01  4.188327e-01  3.043648e-01
 311  1.300188e+00  1.361208e-01  3.852643e-02  9.213259e+00  4.100563e-01  4.196382e-01  3.990046e-01
 312  8.780735e-01  9.503369e-02  3.052181e-02  9.213259e+00  4.100563e-01  4.226059e-01  5.173808e-01
 313  4.134046e-01  6.994244e-02  4.153251e-02  9.213259e+00  4.100563e-01  4.208179e-01  6.798517e-01
 314  1.454890e-01  2.188181e-02  8.422059e-03  9.213259e+00  4.100563e-01  4.249467e-01  8.921141e-01
 315  1.333714e-01  3.771505e-02  8.496346e-03  9.213259e+00  4.100563e-01  5.321777e-01  9.885051e-02
 316  5.504623e-01  8.250714e-02  3.413736e-02  9.213259e+00  4.100563e-01  5.318629e-01  2.041226e-01
 317  7.001501e-01  9.896092e-02  2.522788e-02  9.212750e+00  4.099920e-01  5.319474e-01  3.003605e-01
 318  6.334041e-01  9.921560e-02  2.816445e-02  9.213259e+00  4.100563e-01  5.295747e-01  3.999113e-01
 319  4.710391e-01  6.448983e-02  1.754844e-02  9.213259e+00  4.100563e-01  5.335171e-01  5.177316e-01
 320  1.612592e-01  3.729645e-02  7.490451e-03  9.213259e+00  4.100563e-01  5.363879e-01  6.881568e-01
 321  6.409887e-02  1.468320e-02  3.277973e-03  9.213259e+00  4.100563e-01  5.423853e-01  8.951508e-01
 322  1.226773e-01  2.342157e-02  3.345836e-03  9.213259e+00  4.100563e-01  6.918386e-01  9.357131e-02
 323  2.458872e-01  4.629579e-02  1.121426e-02  9.213259e+00  4.100563e-01  6.877474e-01  2.007538e-01
 324  3.127107e-01  5.642733e-02  1.619274e-02  9.213259e+00  4.100563e-01  6.903601e-01  3.032427e-01
 325  2.308751e-01  5.494819e-02  9.449115e-03  9.213259e+00  4.100563e-01  6.900731e-01  4.009098e-01
 326  2.984264e-01  3.697969e-02  1.045639e-02  9.213259e+00  4.100563e-01  6.857710e-01  5.173448e-01
 327  1.300473e-01  2.302173e-02  6.709633e-03  9.213259e+00  4.100563e-01  6.795873e-01  6.841559e-01
 328  5.403215e-02  9.201731e-03  2.476439e-03  9.213259e+00  4.100563e-01  6.974664e-01  9.284645e-01
 329  1.925834e-02  1.041744e-02  7.579631e-04  9.212750e+00  4.099920e-01  8.997850e-01  8.824993e-02
 330  6.649298e-02  2.347409e-02  5.601852e-03  9.213259e+00  4.100563e-01  8.891143e-01  2.033525e-01
 331  1.171420e-01  2.832207e-02  5.788617e-03  9.213259e+00  4.100563e-01  8.870374e-01  3.027304e-01
 332  3.412483e-02  2.976214e-02  4.030238e-03  9.213259e+00  4.100563e-01  8.849774e-01  3.985678e-01
 333  8.721354e-02  1.657037e-02  2.659681e-03  9.213259e+00  4.100563e-01  8.846162e-01  5.195508e-01
 334  5.868708e-02  9.842353e-03  2.019240e-03  9.213259e+00  4.100563e-01  8.698684e-01  6.821199e-01
 335  1.685989e-02  4.012779e-03  6.370710e-04  9.212750e+00  4.099920e-01  8.499623e-01  8.967781e-01
