# EXPeriment  = FNAL-615
#REaction    = pi- Nucleus --> mu+ mu- X
#Plab        = 252 GeV
#Author      = Conway et al.
#Reference   = Phys. Rev. D39 (1989) 92
#Target      = W
#
#Errors are statistical only.
#There is an additional overall systematic uncertainty of 16%.
#
#
#         x (GeV)        pT (GeV)        d2sigma/dpTdx           stat.
#      min     max                    (cm**2/GeV**2/nucleon)     error
# i
  1    0.00    0.10       0.125             5.007E-35           0.469E-35
  2    0.00    0.10       0.375             1.180E-34           0.075E-34
  3    0.00    0.10       0.625             1.717E-34           0.093E-34
  4    0.00    0.10       0.875             1.892E-34           0.105E-34
  5    0.00    0.10       1.125             1.642E-34           0.104E-34
  6    0.00    0.10       1.375             1.657E-34           0.114E-34
  7    0.00    0.10       1.625             1.097E-34           0.101E-34
  8    0.00    0.10       1.875             6.992E-35           0.926E-35
  9    0.00    0.10       2.125             4.432E-35           0.760E-35
 10    0.00    0.10       2.375             2.778E-35           0.717E-35
 11    0.00    0.10       2.625             2.509E-35           0.794E-35
 12    0.00    0.10       2.875             1.518E-35           0.759E-35
 13    0.00    0.10       3.125             1.077E-35           0.761E-35
 14    0.00    0.10       3.875             3.175E-36           3.175E-36
 15    0.10    0.20       0.125             4.798E-35           0.398E-35
 16    0.10    0.20       0.375             1.259E-34           0.067E-34
 17    0.10    0.20       0.625             1.694E-34           0.081E-34
 18    0.10    0.20       0.875             1.866E-34           0.086E-34
 19    0.10    0.20       1.125             1.849E-34           0.089E-34
 20    0.10    0.20       1.375             1.395E-34           0.081E-34
 21    0.10    0.20       1.625             1.076E-34           0.076E-34
 22    0.10    0.20       1.875             6.182E-35           0.618E-35
 23    0.10    0.20       2.125             5.272E-35           0.659E-35
 24    0.10    0.20       2.375             2.802E-35           0.481E-35
 25    0.10    0.20       2.625             1.503E-35           0.402E-35
 26    0.10    0.20       2.875             1.081E-35           0.342E-35
 27    0.10    0.20       3.125             5.448E-36           2.436E-36
 28    0.10    0.20       3.375             1.718E-36           1.718E-36
 29    0.10    0.20       3.625             2.240E-36           2.240E-36
 30    0.10    0.20       3.875             2.875E-36           2.875E-36
 31    0.10    0.20       4.125             1.170E-36           1.170E-36
 32    0.10    0.20       4.375             8.367E-37           8.367E-37
 33    0.20    0.30       0.125             4.984E-35           0.360E-35
 34    0.20    0.30       0.375             1.264E-34           0.059E-34
 35    0.20    0.30       0.625             1.825E-34           0.074E-34
 36    0.20    0.30       0.875             1.934E-34           0.078E-34
 37    0.20    0.30       1.125             1.860E-34           0.078E-34
 38    0.20    0.30       1.375             1.491E-34           0.071E-34
 39    0.20    0.30       1.625             8.838E-35           0.567E-35
 40    0.20    0.30       1.875             7.249E-35           0.554E-35
 41    0.20    0.30       2.125             5.134E-35           0.490E-35
 42    0.20    0.30       2.375             3.153E-35           0.410E-35
 43    0.20    0.30       2.625             1.818E-35           0.350E-35
 44    0.20    0.30       2.875             1.482E-35           0.383E-35
 45    0.20    0.30       3.125             3.163E-36           1.414E-36
 46    0.20    0.30       3.375             4.804E-36           2.402E-36
 47    0.20    0.30       3.625             1.800E-36           1.273E-36
 48    0.20    0.30       3.875             3.120E-36           1.801E-36
 49    0.30    0.40       0.125             3.216E-35           0.251E-35
 50    0.30    0.40       0.375             1.123E-34           0.049E-34
 51    0.30    0.40       0.625             1.523E-34           0.058E-34
 52    0.30    0.40       0.875             1.533E-34           0.061E-34
 53    0.30    0.40       1.125             1.331E-34           0.056E-34
 54    0.30    0.40       1.375             1.327E-34           0.060E-34
 55    0.30    0.40       1.625             9.559E-35           0.522E-35
 56    0.30    0.40       1.875             6.591E-35           0.454E-35
 57    0.30    0.40       2.125             4.311E-35           0.381E-35
 58    0.30    0.40       2.375             2.099E-35           0.253E-35
 59    0.30    0.40       2.625             1.242E-35           0.216E-35
 60    0.30    0.40       2.875             1.022E-35           0.197E-35
 61    0.30    0.40       3.125             1.013E-35           0.261E-35
 62    0.30    0.40       3.375             3.670E-36           1.498E-36
 63    0.30    0.40       3.625             3.971E-36           1.501E-36
 64    0.30    0.40       3.875             2.896E-36           1.448E-36
 65    0.30    0.40       4.375             1.380E-36           1.380E-36
 66    0.40    0.50       0.125             3.341E-35           0.228E-35
 67    0.40    0.50       0.375             9.057E-35           0.390E-35
 68    0.40    0.50       0.625             1.246E-34           0.047E-34
 69    0.40    0.50       0.875             1.404E-34           0.052E-34
 70    0.40    0.50       1.125             1.198E-34           0.048E-34
 71    0.40    0.50       1.375             1.055E-34           0.047E-34
 72    0.40    0.50       1.625             8.200E-35           0.423E-35
 73    0.40    0.50       1.875             5.055E-35           0.336E-35
 74    0.40    0.50       2.125             3.009E-35           0.260E-35
 75    0.40    0.50       2.375             2.004E-35           0.219E-35
 76    0.40    0.50       2.625             8.780E-36           1.506E-36
 77    0.40    0.50       2.875             6.763E-36           1.410E-36
 78    0.40    0.50       3.125             3.732E-36           0.998E-36
 79    0.40    0.50       3.375             3.142E-36           1.047E-36
 80    0.40    0.50       3.625             7.738E-37           5.472E-37
 81    0.40    0.50       3.875             6.267E-37           4.431E-37
 82    0.40    0.50       4.375             3.833E-37           3.833E-37
 83    0.50    0.60       0.125             2.977E-35           0.188E-35
 84    0.50    0.60       0.375             7.254E-35           0.297E-35
 85    0.50    0.60       0.625             1.019E-34           0.035E-34
 86    0.50    0.60       0.875             1.034E-34           0.037E-34
 87    0.50    0.60       1.125             8.895E-35           0.353E-35
 88    0.50    0.60       1.375             6.847E-35           0.314E-35
 89    0.50    0.60       1.625             5.156E-35           0.274E-35
 90    0.50    0.60       1.875             3.376E-35           0.232E-35
 91    0.50    0.60       2.125             2.009E-35           0.183E-35
 92    0.50    0.60       2.375             1.330E-35           0.158E-35
 93    0.50    0.60       2.625             8.540E-36           1.162E-36
 94    0.50    0.60       2.875             3.126E-36           0.782E-36
 95    0.50    0.60       3.125             2.184E-36           0.691E-36
 96    0.50    0.60       3.375             1.381E-36           0.618E-36
 97    0.50    0.60       3.625             1.075E-36           0.481E-36
 98    0.50    0.60       3.875             7.927E-37           3.964E-37
 99    0.50    0.60       4.125             3.486E-37           2.465E-37
100    0.60    0.70       0.125             2.314E-35           0.138E-35
101    0.60    0.70       0.375             6.022E-35           0.229E-35
102    0.60    0.70       0.625             7.227E-35           0.255E-35
103    0.60    0.70       0.875             7.509E-35           0.263E-35
104    0.60    0.70       1.125             6.253E-35           0.243E-35
105    0.60    0.70       1.375             5.281E-35           0.227E-35
106    0.60    0.70       1.625             3.432E-35           0.185E-35
107    0.60    0.70       1.875             2.225E-35           0.150E-35
108    0.60    0.70       2.125             1.191E-35           0.106E-35
109    0.60    0.70       2.375             8.473E-36           0.992E-36
110    0.60    0.70       2.625             5.978E-36           0.872E-36
111    0.60    0.70       2.875             2.222E-36           0.474E-36
112    0.60    0.70       3.125             1.551E-36           0.491E-36
113    0.60    0.70       3.375             5.264E-37           2.632E-37
114    0.60    0.70       3.625             5.676E-37           2.539E-37
115    0.60    0.70       3.875             5.100E-37           2.944E-37
116    0.60    0.70       4.125             1.825E-37           1.825E-37
117    0.70    0.80       0.125             1.832E-35           0.116E-35
118    0.70    0.80       0.375             3.864E-35           0.163E-35
119    0.70    0.80       0.625             4.817E-35           0.184E-35
120    0.70    0.80       0.875             4.710E-35           0.182E-35
121    0.70    0.80       1.125             3.839E-35           0.166E-35
122    0.70    0.80       1.375             2.707E-35           0.141E-35
123    0.70    0.80       1.625             1.872E-35           0.118E-35
124    0.70    0.80       1.875             1.125E-35           0.094E-35
125    0.70    0.80       2.125             6.522E-36           0.738E-36
126    0.70    0.80       2.375             4.538E-36           0.612E-36
127    0.70    0.80       2.625             2.133E-36           0.427E-36
128    0.70    0.80       2.875             1.023E-36           0.273E-36
129    0.70    0.80       3.125             4.059E-37           1.815E-37
130    0.70    0.80       3.375             3.663E-37           1.385E-37
131    0.70    0.80       3.875             1.180E-37           1.180E-37
132    0.70    0.80       4.125             4.000E-38           4.000E-38
133    0.70    0.80       4.875             7.000E-38           7.000E-38
134    0.80    0.90       0.125             1.232E-35           0.092E-35
135    0.80    0.90       0.375             2.741E-35           0.127E-35
136    0.80    0.90       0.625             2.511E-35           0.121E-35
137    0.80    0.90       0.875             2.332E-35           0.117E-35
138    0.80    0.90       1.125             1.619E-35           0.093E-35
139    0.80    0.90       1.375             8.712E-36           0.676E-36
140    0.80    0.90       1.625             6.165E-36           0.583E-36
141    0.80    0.90       1.875             3.350E-36           0.426E-36
142    0.80    0.90       2.125             2.236E-36           0.363E-36
143    0.80    0.90       2.375             1.296E-36           0.254E-36
144    0.80    0.90       2.625             4.675E-37           1.767E-37
145    0.80    0.90       2.875             6.060E-38           6.060E-38
146    0.80    0.90       3.125             1.289E-37           0.911E-37
147    0.80    0.90       3.375             8.890E-38           6.290E-38
148    0.80    0.90       3.875             4.330E-38           4.330E-38
149    0.90    1.00       0.125             4.076E-36           0.491E-36
150    0.90    1.00       0.375             6.110E-36           0.506E-36
151    0.90    1.00       0.625             4.145E-36           0.377E-36
152    0.90    1.00       0.875             2.471E-36           0.270E-36
153    0.90    1.00       1.125             1.106E-36           0.153E-36
154    0.90    1.00       1.375             8.307E-37           1.404E-37
155    0.90    1.00       1.625             2.395E-37           0.664E-37
156    0.90    1.00       1.875             2.000E-37           0.632E-37
157    0.90    1.00       2.125             4.000E-38           2.000E-38
158    0.90    1.00       2.375             3.430E-38           2.420E-38
159    0.90    1.00       2.625             4.000E-38           4.000E-38
