# EXPeriment  = FNAL-615
# REaction    = pi- Nucleus --> mu+ mu- X
# Plab        = 252 GeV
# Author      = Conway et al.
# Reference   = Phys. Rev. D39 (1989) 92
# Target      = W
#
# Errors are statistical only.
# There is an additional overall systematic uncertainty of 16%.
#
#
#         m (GeV)        pT (GeV)        d2sigma/dpTdm           stat.
#      min     max                    (cm**2/GeV**2/nucleon)     error
# i
  1    4.05    4.50       0.125             2.766E-35           0.095E-35
  2    4.05    4.50       0.375             6.735E-35           0.150E-35
  3    4.05    4.50       0.625             8.469E-35           0.175E-35
  4    4.05    4.50       0.875             9.042E-35           0.191E-35
  5    4.05    4.50       1.125             7.656E-35           0.180E-35
  6    4.05    4.50       1.375             6.231E-35           0.170E-35
  7    4.05    4.50       1.625             4.690E-35           0.158E-35
  8    4.05    4.50       1.875             2.834E-35           0.127E-35
  9    4.05    4.50       2.125             1.750E-35           0.105E-35
 10    4.05    4.50       2.375             1.226E-35           0.098E-35
 11    4.05    4.50       2.625             7.696E-36           0.781E-36
 12    4.05    4.50       2.875             3.107E-36           0.504E-36
 13    4.05    4.50       3.125             2.561E-36           0.512E-36
 14    4.05    4.50       3.375             8.958E-37           2.986E-37
 15    4.05    4.50       3.625             1.639E-36           0.473E-36
 16    4.05    4.50       3.875             9.833E-37           3.477E-37
 17    4.05    4.50       4.125             1.829E-37           1.293E-37
 18    4.50    4.95       0.125             1.539E-35           0.073E-35
 19    4.50    4.95       0.375             4.008E-35           0.122E-35
 20    4.50    4.95       0.625             5.001E-35           0.140E-35
 21    4.50    4.95       0.875             5.094E-35           0.146E-35
 22    4.50    4.95       1.125             4.561E-35           0.141E-35
 23    4.50    4.95       1.375             4.006E-35           0.141E-35
 24    4.50    4.95       1.625             2.727E-35           0.120E-35
 25    4.50    4.95       1.875             1.890E-35           0.107E-35
 26    4.50    4.95       2.125             1.245E-35           0.090E-35
 27    4.50    4.95       2.375             7.207E-36           0.700E-36
 28    4.50    4.95       2.625             4.876E-36           0.629E-36
 29    4.50    4.95       2.875             2.967E-36           0.516E-36
 30    4.50    4.95       3.125             1.301E-36           0.348E-36
 31    4.50    4.95       3.375             9.393E-37           2.832E-37
 32    4.50    4.95       3.625             2.236E-37           1.581E-37
 33    4.50    4.95       3.875             3.925E-37           1.962E-37
 34    4.50    4.95       4.125             1.889E-37           1.889E-37
 35    4.50    4.95       4.375             2.467E-37           1.424E-37
 36    4.95    5.40       0.125             8.060E-36           0.527E-36
 37    4.95    5.40       0.375             2.418E-35           0.098E-35
 38    4.95    5.40       0.625             3.209E-35           0.116E-35
 39    4.95    5.40       0.875             3.487E-35           0.125E-35
 40    4.95    5.40       1.125             3.236E-35           0.125E-35
 41    4.95    5.40       1.375             2.699E-35           0.119E-35
 42    4.95    5.40       1.625             1.931E-35           0.104E-35
 43    4.95    5.40       1.875             1.453E-35           0.097E-35
 44    4.95    5.40       2.125             8.608E-36           0.741E-36
 45    4.95    5.40       2.375             4.595E-36           0.557E-36
 46    4.95    5.40       2.625             2.334E-36           0.413E-36
 47    4.95    5.40       2.875             1.626E-36           0.383E-36
 48    4.95    5.40       3.125             6.811E-37           2.574E-37
 49    4.95    5.40       3.375             5.972E-37           2.986E-37
 50    4.95    5.40       3.625             2.051E-37           1.450E-37
 51    4.95    5.40       3.875             4.544E-37           2.272E-37
 52    4.95    5.40       4.125             6.530E-38           6.530E-38
 53    5.40    5.85       0.125             5.606E-36           0.476E-36
 54    5.40    5.85       0.375             1.395E-35           0.075E-35
 55    5.40    5.85       0.625             2.210E-35           0.099E-35
 56    5.40    5.85       0.875             2.498E-35           0.108E-35
 57    5.40    5.85       1.125             2.211E-35           0.106E-35
 58    5.40    5.85       1.375             1.757E-35           0.099E-35
 59    5.40    5.85       1.625             1.346E-35           0.087E-35
 60    5.40    5.85       1.875             8.896E-36           0.741E-36
 61    5.40    5.85       2.125             5.966E-36           0.651E-36
 62    5.40    5.85       2.375             4.539E-36           0.563E-36
 63    5.40    5.85       2.625             2.300E-36           0.480E-36
 64    5.40    5.85       2.875             1.640E-36           0.358E-36
 65    5.40    5.85       3.125             2.813E-37           1.624E-37
 66    5.40    5.85       3.375             4.261E-37           2.460E-37
 67    5.40    5.85       3.625             3.733E-37           2.155E-37
 68    5.85    6.75       0.125             2.852E-36           0.280E-36
 69    5.85    6.75       0.375             8.553E-36           0.509E-36
 70    5.85    6.75       0.625             1.323E-35           0.065E-35
 71    5.85    6.75       0.875             1.451E-35           0.072E-35
 72    5.85    6.75       1.125             1.391E-35           0.070E-35
 73    5.85    6.75       1.375             1.113E-35           0.064E-35
 74    5.85    6.75       1.625             7.072E-36           0.539E-36
 75    5.85    6.75       1.875             5.436E-36           0.500E-36
 76    5.85    6.75       2.125             3.930E-36           0.454E-36
 77    5.85    6.75       2.375             2.507E-36           0.378E-36
 78    5.85    6.75       2.625             1.271E-36           0.284E-36
 79    5.85    6.75       2.875             4.433E-37           1.676E-37
 80    5.85    6.75       3.125             5.849E-37           2.068E-37
 81    5.85    6.75       3.375             2.171E-37           1.253E-37
 82    5.85    6.75       3.625             1.762E-37           1.246E-37
 83    5.85    6.75       3.875             1.911E-37           1.103E-37
 84    5.85    6.75       4.125             8.330E-38           8.330E-38
 85    5.85    6.75       4.625             3.260E-38           3.260E-38
 86    6.75    7.65       0.125             1.766E-36           0.226E-36
 87    6.75    7.65       0.375             4.535E-36           0.375E-36
 88    6.75    7.65       0.625             7.258E-36           0.492E-36
 89    6.75    7.65       0.875             7.120E-36           0.510E-36
 90    6.75    7.65       1.125             5.846E-36           0.470E-36
 91    6.75    7.65       1.375             5.940E-36           0.476E-36
 92    6.75    7.65       1.625             4.157E-36           0.400E-36
 93    6.75    7.65       1.875             2.938E-36           0.351E-36
 94    6.75    7.65       2.125             1.914E-36           0.292E-36
 95    6.75    7.65       2.375             1.054E-36           0.215E-36
 96    6.75    7.65       2.625             6.668E-37           1.849E-37
 97    6.75    7.65       2.875             3.900E-37           1.592E-37
 98    6.75    7.65       3.125             1.311E-37           0.927E-37
 99    6.75    7.65       3.375             1.904E-37           1.099E-37
100    6.75    7.65       3.875             9.390E-38           9.390E-38
101    7.65    9.00       0.125             5.690E-37           0.991E-37
102    7.65    9.00       0.375             2.590E-36           0.238E-36
103    7.65    9.00       0.625             3.470E-36           0.270E-36
104    7.65    9.00       0.875             3.647E-36           0.281E-36
105    7.65    9.00       1.125             3.583E-36           0.281E-36
106    7.65    9.00       1.375             2.851E-36           0.258E-36
107    7.65    9.00       1.625             2.587E-36           0.250E-36
108    7.65    9.00       1.875             1.658E-36           0.204E-36
109    7.65    9.00       2.125             1.065E-36           0.164E-36
110    7.65    9.00       2.375             6.652E-37           1.257E-37
111    7.65    9.00       2.625             2.554E-37           0.851E-37
112    7.65    9.00       2.875             4.156E-37           1.253E-37
113    7.65    9.00       3.125             3.362E-37           1.121E-37
114    7.65    9.00       3.375             2.222E-37           0.994E-37
115    7.65    9.00       3.625             6.870E-38           4.860E-38
116    7.65    9.00       3.875             1.589E-37           0.917E-37
117    9.00   10.35       0.125             4.848E-37           0.990E-37
118    9.00   10.35       0.375             1.360E-36           0.174E-36
119    9.00   10.35       0.625             3.012E-36           0.267E-36
120    9.00   10.35       0.875             2.470E-36           0.246E-36
121    9.00   10.35       1.125             2.114E-36           0.219E-36
122    9.00   10.35       1.375             1.472E-36           0.173E-36
123    9.00   10.35       1.625             1.451E-36           0.186E-36
124    9.00   10.35       1.875             1.139E-36           0.187E-36
125    9.00   10.35       2.125             3.875E-37           0.889E-37
126    9.00   10.35       2.375             3.366E-37           0.816E-37
127    9.00   10.35       2.625             2.253E-37           0.851E-37
128    9.00   10.35       2.875             4.630E-38           3.280E-38
129    9.00   10.35       3.125             1.026E-37           0.725E-37
130    9.00   10.35       3.375             1.281E-37           1.281E-37
131    9.00   10.35       3.625             9.410E-38           9.410E-38
132   10.35   11.70       0.125             3.677E-37           1.062E-37
133   10.35   11.70       0.375             4.118E-37           1.101E-37
134   10.35   11.70       0.625             4.180E-37           1.045E-37
135   10.35   11.70       0.875             6.804E-37           1.419E-37
136   10.35   11.70       1.125             8.816E-37           1.610E-37
137   10.35   11.70       1.375             5.821E-37           1.372E-37
138   10.35   11.70       1.625             2.305E-37           0.768E-37
139   10.35   11.70       1.875             3.069E-37           1.023E-37
140   10.35   11.70       2.125             1.237E-37           0.619E-37
141   10.35   11.70       2.375             1.339E-37           0.669E-37
142   10.35   11.70       2.625             1.911E-37           0.956E-37
143   10.35   11.70       2.875             2.130E-38           2.130E-38
144   10.35   11.70       3.875             2.070E-38           2.070E-38
145   11.70   13.05       0.125             5.380E-38           5.380E-38
146   11.70   13.05       0.375             2.471E-37           1.105E-37
147   11.70   13.05       0.625             5.225E-37           1.652E-37
148   11.70   13.05       0.875             3.344E-37           1.182E-37
149   11.70   13.05       1.125             2.102E-37           0.858E-37
150   11.70   13.05       1.375             2.091E-37           0.935E-37
151   11.70   13.05       1.625             1.169E-37           0.675E-37
152   11.70   13.05       1.875             9.350E-38           5.400E-38
153   11.70   13.05       2.125             1.659E-37           0.958E-37
154   11.70   13.05       2.375             6.130E-38           4.330E-38
155   11.70   13.05       2.625             3.010E-38           3.010E-38
