Path: /HepData/8373/d1-x1-y1
Total integrated cross section
Location: P 14
M(C=E+E-) : 66.0 - 116.0 GeV
RE : BAR P --> E+ E- X
x : SQRT(S) IN GEV
y : SIG IN PB
xdesc	x	xlow	xhigh	y	dy+	dy-	dy+	dy-	
	1960.0	1960.0	1960.0	256.1	+1.3	-1.3	+2.6	-2.6

Path: /HepData/8373/d2-x1-y1
The differential PT cross section as a function of PT
Location: T 1,F 7
M(C=E+E-) : 66.0 - 116.0 GeV
RE : PBAR P --> E+ E- X
SQRT(S) : 1960.0 GeV
x : PT(C=E+E-) IN GEV
y : D(SIG)/DPT IN PB/GEV
       x             y          dy(stat)       dy(syst)
								
        0.25          3.613          0.168          0.035
        0.75          10.08           0.27            0.1
        1.25          15.51           0.33           0.15
        1.75          19.47           0.37           0.19
        2.25          21.58           0.39           0.21
        2.75          22.95            0.4           0.23
        3.25          22.58           0.39           0.22
        3.75          22.35           0.39           0.22
        4.25          20.61           0.37           0.21
        4.75          19.87           0.36            0.2
        5.25          18.76           0.35           0.19
        5.75          17.29           0.34           0.17
        6.25          15.63           0.32           0.16
        6.75          14.68           0.31           0.15
        7.25          13.74            0.3           0.14
        7.75          13.07            0.3           0.13
        8.25          11.83           0.28           0.12
        8.75          11.12           0.27           0.11
        9.25          10.33           0.26           0.11
        9.75          10.24           0.27           0.11
       10.25          9.043          0.244          0.094
       10.75          8.295          0.231          0.084
       11.25          8.319          0.239          0.085
       11.75           7.78          0.229          0.079
       12.25          7.465          0.227          0.076
       12.75          6.839          0.215          0.069
       13.25          6.411          0.208          0.065
       13.75           6.22          0.208          0.064
       14.25           5.89          0.204           0.06
       14.75          5.363           0.19          0.055
       15.25          5.186           0.19          0.053
       15.75          4.792          0.181          0.049
       16.25          4.431          0.172          0.045
       16.75          4.149          0.165          0.042
       17.25          4.346          0.179          0.044
       17.75          3.931          0.166           0.04
       18.25          3.757          0.163          0.038
       18.75          3.753          0.167          0.038
       19.25          3.586          0.163          0.036
       19.75          3.303          0.154          0.034
       20.25          2.952          0.142           0.03
       20.75          2.923          0.143           0.03
       21.25          2.877          0.144           0.03
       21.75          2.603          0.134          0.027
       22.25          2.624          0.139          0.027
       22.75           2.59           0.14          0.026
       23.25          2.516          0.139          0.026
       23.75            2.2          0.124          0.022
       24.25          1.948          0.113           0.02
       24.75          2.179          0.129          0.022
       25.50          2.032          0.085          0.021
       26.50          1.736          0.076          0.018
       27.50          1.633          0.075          0.016
       28.50          1.616          0.077          0.016
       29.50          1.381          0.069          0.014
       31.00          1.284          0.045          0.013
       33.00          1.005          0.039           0.01
       35.00         0.8769         0.0361         0.0088
       37.00         0.7959         0.0352         0.0079
       39.00         0.7068         0.0336          0.007
       42.00         0.5605         0.0193         0.0055
       46.00           0.46         0.0179         0.0044
       50.00         0.3552         0.0156         0.0033
       54.00          0.276         0.0136         0.0025
       58.00         0.2311         0.0128          0.002
       62.50         0.1618         0.0089         0.0014
       67.50         0.1343         0.0084         0.0011
       72.50         0.1094         0.0078         0.0009
       77.50        0.08415        0.00678        0.00068
       82.50        0.06347        0.00565        0.00049
       87.50        0.04982        0.00504        0.00038
       92.50        0.03786        0.00422        0.00028
       97.50        0.02988        0.00389        0.00023
      105.00        0.02298        0.00227        0.00016
      115.00        0.01449        0.00178         0.0001
      125.00       0.009369       0.001389        6.4e-05
      135.00       0.008395       0.001496        5.5e-05
      145.00       0.005304       0.001174        3.4e-05
      162.50       0.001861       0.000331        1.2e-05
      187.50      0.0005283      0.0001478        3.1e-06
      225.00      0.0002838      0.0001019        1.9e-06
      300.00      0.0001489      0.0001162          9e-07
