EXPeriment  = FNAL-288                     
REaction    = p Nucleus --> mu+ mu- X                    
Plab        = 300 GeV
Author      = Ito et al. 
Reference   = Phys. Rev. D23 (1981) 604                             
Target      = Pt

Errors are statistical only.
There is an additional overall systematic uncertainty of 25%.



     m (GeV)    pT (GeV)       Ed3sigma/dp3          stat.
                           (cm**2/GeV**2/nucleon)    error
								
         4.5        0.1            9.16E-36           0.42E-36
         4.5        0.3            7.65E-36           0.30E-36
         4.5        0.5            6.61E-36           0.30E-36
         4.5        0.7            5.58E-36           0.30E-36
         4.5        0.9            3.91E-36           0.27E-36
         4.5        1.1            2.73E-36           0.23E-36
         4.5        1.3            1.85E-36           0.20E-36
         4.5        1.5            1.58E-36           0.20E-36
         4.5        1.7            8.38E-37           1.55E-37
         4.5        1.9            5.03E-37           1.36E-37
         4.5        2.1            3.97E-37           1.02E-37
         4.5        2.3            1.89E-37           0.84E-37
         4.5        2.5            0.58E-37           1.01E-37
         4.5        2.7            2.12E-37           1.94E-37
         4.5        2.9           -1.39E-37           1.08E-37
         5.5        0.1            2.57E-36           0.16E-36
         5.5        0.3            2.30E-36           0.10E-36
         5.5        0.5            2.07E-36           0.10E-36
         5.5        0.7            1.82E-36           0.11E-36
         5.5        0.9            1.13E-36           0.08E-36
         5.5        1.1            8.72E-37           0.73E-37
         5.5        1.3            6.35E-37           0.61E-37
         5.5        1.5            3.84E-37           0.42E-37
         5.5        1.7            2.60E-37           0.38E-37
         5.5        1.9            1.24E-37           0.25E-37
         5.5        2.1            1.03E-37           0.22E-37
         5.5        2.3            7.90E-38           2.30E-38
         5.5        2.5            3.20E-38           1.30E-38
         5.5        2.7            1.40E-38           1.20E-38
         5.5        2.9            0.66E-38           1.15E-38
         5.5        3.1            5.50E-39           9.60E-39
         5.5        3.9            1.33E-38           1.38E-38
         6.5        0.1            8.49E-37           0.70E-37
         6.5        0.3            7.83E-37           0.43E-37
         6.5        0.5            6.55E-37           0.35E-37
         6.5        0.7            5.40E-37           0.33E-37
         6.5        0.9            4.14E-37           0.30E-37
         6.5        1.1            2.86E-37           0.24E-37
         6.5        1.3            1.87E-37           0.19E-37
         6.5        1.5            1.82E-37           0.20E-37
         6.5        1.7            1.10E-37           0.14E-37
         6.5        1.9            7.20E-38           1.30E-38
         6.5        2.1            4.08E-38           0.99E-38
         6.5        2.3            2.19E-38           0.68E-38
         6.5        2.5            1.90E-38           0.65E-38
         6.5        2.7            7.90E-39           4.00E-39
         6.5        2.9            1.10E-38           0.50E-38
         6.5        3.1            1.90E-39           1.90E-39
         6.5        3.3            2.30E-39           2.30E-39
         6.5        3.7            2.80E-39           2.90E-39
         7.5        0.1            2.86E-37           0.39E-37
         7.5        0.3            2.53E-37           0.22E-37
         7.5        0.5            2.37E-37           0.19E-37
         7.5        0.7            1.97E-37           0.16E-37
         7.5        0.9            1.45E-37           0.14E-37
         7.5        1.1            1.10E-37           0.12E-37
         7.5        1.3            7.81E-38           0.98E-38
         7.5        1.5            3.80E-38           0.72E-38
         7.5        1.7            4.64E-38           0.82E-38
         7.5        1.9            1.92E-38           0.49E-38
         7.5        2.1            2.50E-38           0.60E-38
         7.5        2.3            1.18E-38           0.41E-38
         7.5        2.5            5.20E-39           2.70E-39
         7.5        2.9            1.10E-39           1.10E-39
         7.5        3.1            1.20E-39           1.20E-39
         7.5        4.1            1.70E-39           1.70E-39
         7.5        4.5            1.70E-39           1.70E-39
         8.5        0.1            9.60E-38           2.00E-38
         8.5        0.3            7.00E-38           1.10E-38
         8.5        0.5            7.00E-38           0.90E-38
         8.5        0.7            7.30E-38           0.90E-38
         8.5        0.9            5.30E-38           0.70E-38
         8.5        1.1            5.20E-38           0.80E-38
         8.5        1.3            3.20E-38           0.60E-38
         8.5        1.5            1.80E-38           0.40E-38
         8.5        1.7            1.02E-38           0.34E-38
         8.5        1.9            2.30E-39           1.30E-39
         8.5        2.1            7.00E-39           3.00E-39
         8.5        2.3            1.60E-39           1.20E-39
         8.5        2.5            8.80E-40           8.90E-40
         8.5        3.1            1.00E-39           1.00E-39
         9.5        0.1            9.10E-38           2.10E-38
         9.5        0.3            6.60E-38           1.00E-38
         9.5        0.5            6.60E-38           0.80E-38
         9.5        0.7            6.90E-38           0.90E-38
         9.5        0.9            5.00E-38           0.70E-38
         9.5        1.1            5.00E-38           0.77E-38
         9.5        1.3            3.00E-38           0.56E-38
         9.5        1.5            1.66E-38           0.40E-38
         9.5        1.7            9.70E-39           3.30E-39
         9.5        1.9            2.20E-39           1.30E-39
         9.5        2.1            6.70E-39           2.90E-39
         9.5        2.3            1.55E-39           1.12E-39
         9.5        2.5            8.40E-40           8.40E-40
         9.5        3.1            9.60E-40           9.80E-40
        10.5        0.1            1.87E-38           0.72E-38
        10.5        0.3            1.66E-38           0.40E-38
        10.5        0.5            1.21E-38           0.26E-38
        10.5        0.7            1.01E-38           0.22E-38
        10.5        0.9            6.24E-38           0.16E-38
        10.5        1.1            6.60E-39           1.70E-39
        10.5        1.3            2.30E-39           0.90E-39
        10.5        1.5            3.70E-39           1.20E-39
        10.5        1.7            4.60E-39           1.40E-39
        10.5        1.9            7.50E-40           5.30E-40
        10.5        2.1            4.70E-40           4.70E-40
        10.5        2.7            3.70E-40           3.70E-40
        10.5        2.9            4.40E-40           4.40E-40
        11.5        0.1            2.71E-39           2.72E-39
        11.5        0.3            7.90E-40           7.90E-40
        11.5        0.5            1.01E-39           0.72E-39
        11.5        0.7            1.00E-39           0.58E-39
        11.5        0.9            6.80E-40           4.80E-40
        11.5        1.1            1.18E-39           0.60E-39
        11.5        1.3            2.60E-40           2.60E-40
        11.5        1.5            5.40E-40           3.80E-40
        11.5        1.7            3.50E-40           3.50E-40
        11.5        2.3            2.90E-40           3.00E-40
