EXPeriment  = FNAL-288                     
REaction    = p Nucleus --> mu+ mu- X                    
Plab        = 200 GeV
Author      = Ito et al. 
Reference   = Phys. Rev. D23 (1981) 604                             
Target      = Pt

Errors are statistical only.
There is an additional overall systematic uncertainty of 25%.



     m (GeV)    pT (GeV)       Ed3sigma/dp3          stat.
                           (cm**2/GeV**2/nucleon)    error
								
         4.5        0.1            6.29E-36           0.32E-36
         4.5        0.3            5.88E-36           0.24E-36
         4.5        0.5            4.75E-36           0.23E-36
         4.5        0.7            3.69E-36           0.22E-36
         4.5        0.9            2.93E-36           0.22E-36
         4.5        1.1            1.68E-36           0.16E-36
         4.5        1.3            1.26E-36           0.14E-36
         4.5        1.5            6.78E-37           1.24E-37
         4.5        1.7            5.98E-37           1.02E-37
         4.5        1.9            5.90E-38           6.70E-38
         4.5        2.1            1.76E-37           0.62E-37
         4.5        2.3           -3.30E-38           5.50E-38
         4.5        2.5            1.05E-37           0.56E-37
         4.5        2.7           -7.30E-38           7.50E-38
         5.5        0.1            1.63E-36           0.11E-36
         5.5        0.3            1.44E-36           0.08E-36
         5.5        0.5            1.19E-36           0.07E-36
         5.5        0.7            1.04E-36           0.07E-36
         5.5        0.9            6.01E-37           0.51E-37
         5.5        1.1            4.41E-37           0.43E-37
         5.5        1.3            2.48E-37           0.30E-37
         5.5        1.5            2.55E-37           0.36E-37
         5.5        1.7            1.59E-37           0.28E-37
         5.5        1.9            6.30E-38           1.50E-38
         5.5        2.1            4.40E-38           1.60E-38
         5.5        2.3            5.00E-38           1.60E-38
         5.5        2.5            8.10E-39           8.30E-39
         5.5        2.7            1.18E-38           0.87E-38
         5.5        2.9            4.20E-39           4.20E-39
         5.5        3.3           -5.00E-39           5.10E-39
         6.5        0.1            3.99E-37           0.43E-37
         6.5        0.3            3.42E-37           0.25E-37
         6.5        0.5            3.33E-37           0.22E-37
         6.5        0.7            2.55E-37           0.20E-37
         6.5        0.9            1.81E-37           0.17E-37
         6.5        1.1            1.30E-37           0.14E-37
         6.5        1.3            7.30E-38           1.10E-38
         6.5        1.5            4.50E-38           0.80E-38
         6.5        1.7            3.50E-38           0.70E-38
         6.5        1.9            2.00E-38           0.60E-38
         6.5        2.1            8.30E-39           3.70E-39
         6.5        2.3            9.40E-39           4.30E-39
         6.5        2.5            5.30E-39           3.10E-39
         6.5        2.7            1.80E-39           1.80E-39
         7.5        0.1            9.45E-38           1.88E-38
         7.5        0.3            9.01E-38           1.11E-38
         7.5        0.5            7.02E-38           0.84E-38
         7.5        0.7            5.22E-38           0.69E-38
         7.5        0.9            4.11E-38           0.61E-38
         7.5        1.1            2.97E-38           0.54E-38
         7.5        1.3            1.64E-38           0.38E-38
         7.5        1.5            9.50E-39           2.90E-39
         7.5        1.7            6.90E-39           2.50E-39
         7.5        1.9            3.70E-39           1.70E-39
         7.5        2.1            3.20E-39           1.90E-39
         7.5        2.3            1.60E-39           1.20E-39           
         7.5        3.1            1.10E-39           1.20E-39
         8.5        0.1            2.22E-38           0.75E-38
         8.5        0.3            1.65E-38           0.38E-38
         8.5        0.5            1.34E-38           0.29E-38
         8.5        0.7            1.00E-38           0.23E-38
         8.5        0.9            6.10E-39           1.70E-39
         8.5        1.1            5.20E-39           1.60E-39
         8.5        1.3            6.00E-39           1.80E-39
         8.5        1.5            1.70E-39           1.00E-39
         8.5        1.7            1.05E-39           0.75E-39
         8.5        1.9            1.05E-39           0.75E-39
         8.5        2.1            5.80E-40           5.80E-40           
         8.5        2.9            5.30E-40           5.30E-40
         9.5        0.1            1.58E-38           0.61E-38
         9.5        0.3            1.86E-39           1.08E-39
         9.5        0.5            4.28E-39           1.45E-39
         9.5        0.7            2.27E-39           0.94E-39
         9.5        0.9            4.37E-39           1.35E-39
         9.5        1.1            1.22E-39           0.62E-39
         9.5        1.3            2.20E-39           0.92E-39
         9.5        1.5            3.50E-40           3.50E-40
         9.5        1.9            3.70E-40           3.70E-40
         9.5        2.1            4.20E-40           4.30E-40
         9.5        2.3            3.80E-39           3.90E-39
        10.5        0.1            2.09E-39           2.12E-39
        10.5        0.3            1.23E-39           0.88E-39
        10.5        0.5            4.20E-40           4.20E-40
        10.5        0.7            3.20E-40           3.30E-40
        10.5        0.9            2.60E-40           2.70E-40
        10.5        1.1            7.10E-40           4.20E-40
        10.5        1.3            3.10E-40           3.10E-40
        10.5        1.5            3.60E-40           3.60E-40
        10.5        1.9            6.10E-40           4.60E-40
