EXPeriment  = FNAL-866                     
REaction    = p p --> mu+ mu- X                    
Plab        = 800 GeV
Author      = J.C.Webb et al. 
Reference   = hep-ex/0301031v1                           
Target      = p


There is an additional overall systematic uncertainty of 6.5%.



     m(GeV)  pT(GeV) Ed3sigma/dp3 stat. syst.   xF
                     (pb/GeV**2) 	       
     4.67	0.17	11.5	0.746	0.471	0.25
     4.66	0.39	13.1	0.519	0.394	0.25
     4.66	0.63	11.6	0.396	0.32	0.25
     4.66	0.87	8.05	0.291	0.222	0.25
     4.66	1.12	5.99	0.221	0.17	0.25
     4.67	1.37	3.87	0.182	0.115	0.25
     4.65	1.61	2.54	0.139	0.0689	0.25
     4.68	1.87	1.49	0.106	0.0525	0.25
     4.63	2.21	0.655	0.0578	0.0225	0.26
     4.62	2.72	0.301	0.0344	0.0207	0.26
     4.69	3.21	0.107	0.0309	0.0133	0.26
     4.65	3.72	0.054	0.0234	0.0128	0.27
     4.71	4.32	0.0392	0.0139	0.00532	0.28
     5.69	0.16	4.26	0.356	0.185	0.27
     5.68	0.39	5.55	0.239	0.186	0.27
     5.69	0.63	4.32	0.168	0.137	0.27
     5.69	0.87	3.25	0.132	0.0949	0.27
     5.69	1.12	2.34	0.103	0.0663	0.27
     5.7	1.37	1.59	0.0855	0.0459	0.27
     5.7	1.62	1.11	0.0637	0.0329	0.27
     5.71	1.87	0.655	0.0527	0.0215	0.28
     5.63	2.21	0.315	0.0256	0.0109	0.27
     5.7	2.69	0.0987	0.0165	0.0049	0.27
     5.75	3.24	0.0394	0.00916	0.00633	0.28
     5.66	3.71	0.0274	0.00802	0.00696	0.28
     5.84	4.35	0.0206	0.0061	0.00455	0.27
     6.69	0.16	1.81	0.144	0.122	0.27
     6.67	0.38	2.33	0.105	0.0907	0.27
     6.69	0.63	1.82	0.0745	0.076	0.27
     6.68	0.88	1.41	0.0589	0.0605	0.27
     6.7	1.12	1.02	0.0452	0.0356	0.27
     6.7	1.36	0.621	0.0353	0.0181	0.27
     6.73	1.61	0.455	0.0284	0.0188	0.27
     6.71	1.86	0.256	0.0212	0.0134	0.27
     6.72	2.21	0.126	0.0102	0.004	0.28
     6.78	2.69	0.0426	0.0056	0.00205	0.27
     6.71	3.25	0.0209	0.00386	0.00138	0.29
     6.74	3.71	0.00914	0.0028	0.000829 0.25
     6.91	4.4	0.00571	0.00203	0.00102	0.26
     6.82	5.74	0.00279	0.00279	0.00159	0.32
     7.87	0.17	0.859	0.0778	0.0389	0.26
     7.87	0.39	1.22	0.0556	0.0362	0.26
     7.86	0.63	0.948	0.0404	0.0273	0.26
     7.87	0.87	0.737	0.0302	0.0304	0.26
     7.88	1.12	0.522	0.0229	0.0194	0.26
     7.88	1.37	0.386	0.0179	0.0107	0.26
     7.91	1.62	0.235	0.0134	0.00707	0.26
     7.92	1.86	0.161	0.0105	0.00482	0.26
     7.93	2.21	0.0823	0.00521	0.00349	0.26
     7.95	2.71	0.0339	0.00325	0.00256	0.26
     8.04	3.23	0.0133	0.00198	0.00108	0.27
     7.95	3.69	0.0056	0.00157	0.000536 0.28
     7.79	4.43	0.000535 0.000354 0.00013 0.28
     8.18	5.27	0.00122	0.000715 0.000292 0.26
     11.35	0.17	0.0519	0.0179	0.00669	0.28
     11.55	0.36	0.085	0.019	0.00376	0.28
     11.47	0.65	0.0675	0.0137	0.00543	0.28
     11.52	0.86	0.0467	0.0098	0.00343	0.27
     11.43	1.11	0.0549	0.00802	0.00349	0.28
     11.53	1.36	0.0329	0.00592	0.00302	0.26
     11.48	1.62	0.0297	0.00612	0.00483	0.28
     11.45	1.86	0.00918	0.00309	0.00244	0.28
     11.39	2.17	0.00691	0.00144	0.00112	0.26
     11.35	2.75	0.00482	0.00121	0.00122	0.29
     11.6	3.24	0.00284	0.00108	0.000582 0.29