EXPeriment  = FNAL-605                     
REaction    = p Nucleus --> mu+ mu- X                    
Plab        = 800 GeV
Author      = Moreno et al. 
Reference   = Phys. Rev. D43 (1991) 2815                              
Target      = Cu

Errors are statistical only.
There is an additional overall systematic uncertainty of 15%.



     m (GeV)    pT (GeV)       Ed3sigma/dp3          stat.
                           (cm**2/GeV**2/nucleon)    error
								
         7.5        0.1            7.85E-37           1.15E-37
         7.5        0.3            9.73E-37           0.86E-37
         7.5        0.5            8.25E-37           0.62E-37
         7.5        0.7            8.05E-37           0.57E-37
         7.5        0.9            5.69E-37           0.42E-37
         7.5        1.1            5.37E-37           0.45E-37
         7.5        1.3            3.88E-37           0.39E-37
         7.5        1.5            3.12E-37           0.38E-37
         7.5        1.7            2.29E-37           0.37E-37
         7.5        1.9            1.36E-37           0.31E-37
         7.5        2.1            1.37E-37           0.43E-37
         8.5        0.1            3.33E-37           0.25E-37
         8.5        0.3            4.39E-37           0.20E-37
         8.5        0.5            3.68E-37           0.14E-37
         8.5        0.7            3.70E-37           0.14E-37
         8.5        0.9            2.59E-37           0.10E-37
         8.5        1.1            2.24E-37           0.09E-37
         8.5        1.3            1.80E-37           0.09E-37
         8.5        1.5            1.31E-37           0.08E-37
         8.5        1.7            8.75E-38           0.68E-38
         8.5        1.9            7.13E-38           0.70E-38
         8.5        2.1            4.82E-38           0.63E-38
         8.5        2.3            2.72E-38           0.54E-38
         8.5        2.5            2.17E-38           0.52E-38
         8.5        2.7            1.84E-38           0.57E-38
        11.0        0.1            7.01E-38           0.84E-38
        11.0        0.3            7.84E-38           0.55E-38
        11.0        0.5            7.12E-38           0.41E-38
        11.0        0.7            6.24E-38           0.33E-38
        11.0        0.9            5.03E-38           0.26E-38
        11.0        1.1            3.90E-38           0.21E-38
        11.0        1.3            3.12E-38           0.18E-38
        11.0        1.5            2.34E-38           0.15E-38
        11.0        1.7            1.47E-38           0.10E-38
        11.0        1.9            1.31E-38           0.11E-38
        11.0        2.1            7.05E-39           0.72E-39
        11.0        2.3            5.00E-39           0.61E-39
        11.0        2.5            4.59E-39           0.62E-39
        11.0        2.7            3.30E-39           0.59E-39
        11.0        2.9            2.15E-39           0.49E-39
        11.0        3.1            1.59E-39           0.52E-39
        12.5        0.1            5.08E-38           0.64E-38
        12.5        0.3            6.79E-38           0.48E-38
        12.5        0.5            6.46E-38           0.39E-38
        12.5        0.7            4.92E-38           0.26E-38
        12.5        0.9            4.17E-38           0.22E-38
        12.5        1.1            3.23E-38           0.18E-38
        12.5        1.3            2.47E-38           0.15E-38
        12.5        1.5            1.94E-38           0.12E-38
        12.5        1.7            1.37E-38           0.10E-38
        12.5        1.9            8.66E-39           0.73E-39
        12.5        2.1            6.79E-39           0.64E-39
        12.5        2.3            4.40E-39           0.55E-39
        12.5        2.5            3.34E-39           0.48E-39
        12.5        2.7            2.62E-39           0.42E-39
        12.5        2.9            1.65E-39           0.33E-39
        12.5        3.1            1.20E-39           0.28E-39
        12.5        3.3            1.11E-39           0.30E-39
        12.5        3.5            6.54E-40           2.43E-40
        15.8        0.1            2.40E-38           0.55E-38
        15.8        0.3            2.06E-38           0.29E-38
        15.8        0.5            1.88E-38           0.21E-38
        15.8        0.7            1.71E-38           0.17E-38
        15.8        0.9            9.73E-39           1.16E-39
        15.8        1.1            1.07E-38           0.11E-38
        15.8        1.3            7.91E-39           0.88E-39
        15.8        1.5            6.05E-39           0.70E-39
        15.8        1.7            3.50E-39           0.51E-39
        15.8        1.9            1.94E-39           0.36E-39
        15.8        2.1            2.00E-39           0.37E-39
        15.8        2.3            1.36E-39           0.29E-39
        15.8        2.5            1.36E-39           0.29E-39
        15.8        2.7            6.00E-40           1.91E-40
        15.8        2.9            4.35E-40           1.66E-40
