EXPeriment  = FNAL-288                     
REaction    = p Nucleus --> mu+ mu- X                    
Plab        = 400 GeV
Author      = Ito et al. 
Reference   = Phys. Rev. D23 (1981) 604                             
Target      = Pt

Errors are statistical only.
There is an additional overall systematic uncertainty of 25%.



     m (GeV)    pT (GeV)       Ed3sigma/dp3          stat.
                           (cm**2/GeV**2/nucleon)    error
removed data								 {4.5        0.1            9.16E-36           0.42E-36}
         5.5        0.1            2.88E-36           0.12E-36
         5.5        0.3            2.76E-36           0.08E-36
         5.5        0.5            2.30E-36           0.07E-36
         5.5        0.7            2.08E-36           0.07E-36
         5.5        0.9            1.48E-36           0.06E-36
         5.5        1.1            1.18E-36           0.06E-36
         5.5        1.3            8.17E-37           0.48E-37
         5.5        1.5            5.90E-37           0.43E-37
         5.5        1.7            4.58E-37           0.37E-37
         5.5        1.9            3.19E-37           0.32E-37
         5.5        2.1            1.67E-37           0.24E-37
         5.5        2.3            1.11E-37           0.21E-37
         5.5        2.5            7.10E-38           1.90E-38
         5.5        2.7            4.90E-38           1.50E-38
         5.5        2.9            5.30E-38           1.40E-38
         5.5        3.1            0.80E-38           1.30E-38
         5.5        3.5            2.60E-38           1.30E-38
         5.5        3.7            1.00E-38           1.00E-38
         5.5        4.5            2.70E-38           2.80E-38
         6.5        0.1            1.04E-36           0.03E-36
         6.5        0.3            9.66E-37           0.18E-37
         6.5        0.5            8.94E-37           0.16E-37
         6.5        0.7            7.07E-37           0.14E-37
         6.5        0.9            5.94E-37           0.14E-37
         6.5        1.1            4.40E-37           0.12E-37
         6.5        1.3            3.30E-37           0.11E-37
         6.5        1.5            2.17E-37           0.09E-37
         6.5        1.7            1.53E-37           0.07E-37
         6.5        1.9            8.80E-38           0.60E-38
         6.5        2.1            6.10E-38           0.50E-38
         6.5        2.3            5.00E-38           0.40E-38
         6.5        2.5            2.50E-38           0.30E-38
         6.5        2.7            2.00E-38           0.30E-38
         6.5        2.9            1.40E-38           0.30E-38
         6.5        3.1            5.90E-39           2.10E-39
         6.5        3.3            6.40E-39           1.90E-39
         6.5        3.5            3.80E-39           1.20E-39
         6.5        3.7            3.10E-39           1.50E-39
         6.5        3.9            5.00E-40           9.00E-40
         6.5        4.1            5.00E-40           5.00E-40
         6.5        4.3            1.80E-39           1.00E-39
         6.5        4.5           -1.50E-39           1.50E-39
         6.5        4.9            1.20E-39           1.20E-39
         7.5        0.1            3.82E-37           0.16E-37
         7.5        0.3            3.54E-37           0.09E-37
         7.5        0.5            3.28E-37           0.08E-37
         7.5        0.7            2.80E-37           0.07E-37
         7.5        0.9            2.21E-37           0.07E-37
         7.5        1.1            1.70E-37           0.06E-37
         7.5        1.3            1.25E-37           0.05E-37
         7.5        1.5            8.60E-38           0.40E-38
         7.5        1.7            5.50E-38           0.30E-38
         7.5        1.9            4.70E-38           0.30E-38
         7.5        2.1            2.70E-38           0.20E-38
         7.5        2.3            2.00E-38           0.20E-38
         7.5        2.5            1.40E-38           0.20E-38
         7.5        2.7            7.70E-39           1.20E-39
         7.5        2.9            5.80E-39           1.10E-39
         7.5        3.1            3.00E-39           0.70E-39
         7.5        3.3            1.10E-39           0.40E-39
         7.5        3.5            2.40E-39           0.70E-39
         7.5        3.7            2.20E-39           0.70E-39
         7.5        3.9            9.40E-40           4.70E-40
         7.5        4.1            2.60E-40           2.70E-40
         7.5        4.3            2.60E-40           2.60E-40
         7.5        4.5            2.80E-40           4.80E-40
         7.5        4.7            5.70E-40           4.00E-40
         8.5        0.1            1.58E-37           0.09E-37
         8.5        0.3            1.38E-37           0.05E-37
         8.5        0.5            1.22E-37           0.04E-37
         8.5        0.7            1.12E-37           0.04E-37
         8.5        0.9            8.30E-38           0.30E-38
         8.5        1.1            6.30E-38           0.30E-38
         8.5        1.3            4.70E-38           0.20E-38
         8.5        1.5            3.90E-38           0.20E-38
         8.5        1.7            2.30E-38           0.20E-38
         8.5        1.9            1.71E-38           0.12E-38
         8.5        2.1            9.50E-39           1.10E-39
         8.5        2.3            7.20E-39           0.90E-39
         8.5        2.5            3.90E-39           0.70E-39
         8.5        2.7            3.30E-39           0.60E-39
         8.5        2.9            1.60E-39           0.40E-39
         8.5        3.1            8.40E-40           3.60E-40
         8.5        3.3            8.30E-40           3.20E-40
         8.5        3.5            2.60E-40           1.80E-40
         8.5        3.7            6.30E-40           2.80E-40
         8.5        4.7            1.50E-40           1.50E-40
         9.5        0.1            1.17E-37           0.08E-37
         9.5        0.3            1.19E-37           0.05E-37
         9.5        0.5            1.09E-37           0.04E-37
         9.5        0.7            9.40E-38           0.30E-38
         9.5        0.9            7.80E-38           0.30E-38
         9.5        1.1            5.00E-38           0.20E-38
         9.5        1.3            4.40E-38           0.20E-38
         9.5        1.5            3.30E-38           0.20E-38
         9.5        1.7            2.30E-38           0.20E-38
         9.5        1.9            1.51E-38           0.12E-38
         9.5        2.1            1.22E-38           0.11E-38
         9.5        2.3            7.80E-39           0.90E-39
         9.5        2.5            5.60E-39           0.70E-39
         9.5        2.7            4.40E-39           0.60E-39
         9.5        2.9            2.90E-39           0.50E-39
         9.5        3.1            1.55E-39           0.36E-39
         9.5        3.3            1.38E-39           0.36E-39
         9.5        3.5            1.05E-39           0.32E-39
         9.5        3.7            7.10E-40           2.50E-40
         9.5        3.9            4.40E-40           2.00E-40
         9.5        4.1            5.10E-40           2.10E-40
         9.5        4.3            2.10E-40           1.50E-40
         9.5        4.5            3.80E-40           1.90E-40
        10.5        0.1            3.65E-38           0.42E-38
        10.5        0.3            3.78E-38           0.25E-38
        10.5        0.5            3.23E-38           0.19E-38
        10.5        0.7            2.57E-38           0.16E-38
        10.5        0.9            2.32E-38           0.14E-38
        10.5        1.1            1.99E-38           0.13E-38
        10.5        1.3            1.28E-38           0.10E-38
        10.5        1.5            8.20E-39           0.80E-39
        10.5        1.7            6.00E-39           0.60E-39
        10.5        1.9            4.80E-39           0.60E-39
        10.5        2.1            3.20E-39           0.50E-39
        10.5        2.3            2.50E-39           0.40E-39
        10.5        2.5            1.40E-39           0.30E-39
        10.5        2.7            1.00E-39           0.30E-39
        10.5        2.9            1.00E-39           0.30E-39
        10.5        3.1            2.80E-40           1.40E-40
        10.5        3.3            5.80E-40           2.20E-40
        10.5        3.5            3.50E-40           1.60E-40
        10.5        3.7            6.00E-41           6.00E-41
        10.5        4.1            8.00E-41           8.00E-41
        10.5        4.3            1.60E-40           1.60E-40
        10.5        4.5            7.00E-41           7.00E-41
        11.5        0.1            9.93E-39           2.14E-39
        11.5        0.3            6.99E-39           0.97E-39
        11.5        0.5            7.53E-39           0.86E-39
        11.5        0.7            5.09E-39           0.60E-39
        11.5        0.9            3.77E-39           0.47E-39
        11.5        1.1            3.34E-39           0.43E-39
        11.5        1.3            2.89E-39           0.40E-39
        11.5        1.5            2.31E-39           0.37E-39
        11.5        1.7            1.20E-39           0.25E-39
        11.5        1.9            9.10E-40           2.20E-40
        11.5        2.1            5.20E-40           1.60E-40
        11.5        2.3            3.20E-40           1.30E-40
        11.5        2.5            3.10E-40           1.20E-40
        11.5        2.7            1.60E-40           1.00E-40
        11.5        2.9            2.10E-40           1.10E-40
        11.5        3.1            5.00E-41           5.00E-41
        11.5        3.3            4.90E-41           4.90E-41
        11.5        3.5            4.60E-41           4.60E-41
        12.5        0.1            2.25E-39           0.85E-39
        12.5        0.3            2.59E-39           0.54E-39
        12.5        0.5            1.57E-39           0.35E-39
        12.5        0.7            2.07E-39           0.34E-39
        12.5        0.9            1.54E-39           0.27E-39
        12.5        1.1            1.29E-39           0.24E-39
        12.5        1.3            9.70E-40           2.00E-40
        12.5        1.5            8.50E-40           1.80E-40
        12.5        1.7            5.20E-40           1.40E-40
        12.5        1.9            1.60E-40           0.80E-40
        12.5        2.1            2.40E-40           1.00E-40
        12.5        2.3            1.30E-40           0.80E-40
        12.5        2.7            1.20E-40           0.70E-40
        12.5        2.9            3.70E-41           3.70E-41
        12.5        3.1            3.90E-41           3.90E-41
        13.5        0.1            8.70E-40           5.10E-40
        13.5        0.3            5.70E-40           2.30E-40
        13.5        0.5            6.20E-40           2.00E-40
        13.5        0.7            8.50E-40           2.10E-40
        13.5        0.9            3.80E-40           1.30E-40
        13.5        1.1            3.50E-40           1.10E-40
        13.5        1.3            2.90E-40           1.00E-40
        13.5        1.5            1.90E-40           0.80E-40
        13.5        1.7            9.00E-41           5.00E-41
        13.5        1.9            1.10E-40           0.70E-40
        13.5        2.3            5.70E-41           4.10E-41
        13.5        2.5            3.00E-41           3.00E-41
