#************************************************************************
# 
#    These are PRELIMINARY data from the HERMES Collaboration.
#    You are NOT permitted to use these data in any publication
#    without permission from the HERMES management
#    (management@hermes.desy.de).
# 
#    Furthermore, you must make a reference to the following preprint:
# 
#    A. Airapetian et al, arXiv:1212.5407v1 [hep-ex]
# 
#************************************************************************
# 
# pi- multiplicities from HERMES
# Configuration: zxpt-3D (x: 6, z: 8, Php: 7)
# Target: H
# Optional settings: VM subtracted
#
#  i          mult    stat (+/-)    syst (+/-)            Q2             x             z           Php
   0  3.786258e+00  5.478082e-02  9.643949e-01  1.249727e+00  3.758844e-02  1.520310e-01  1.096793e-01
   1  7.871387e+00  7.033661e-02  7.853131e-01  1.249727e+00  3.758844e-02  1.546214e-01  2.226928e-01
   2  8.698135e+00  6.793105e-02  2.200460e-01  1.249727e+00  3.758844e-02  1.562146e-01  3.295033e-01
   3  6.991761e+00  6.762931e-02  7.099162e-01  1.249727e+00  3.758844e-02  1.595915e-01  4.420025e-01
   4  4.099734e+00  5.606071e-02  6.567370e-01  1.249727e+00  3.758844e-02  1.627369e-01  5.859958e-01
   5  1.644273e+00  5.761473e-02  2.635420e-01  1.249727e+00  3.758844e-02  1.685280e-01  7.916710e-01
   6  1.773034e-01  5.739303e-02  2.843709e-02  1.249727e+00  3.758844e-02  2.224191e-01  1.357048e+00
   7  1.638068e+00  5.151984e-02  7.078254e-02  1.249727e+00  3.758844e-02  2.298026e-01  1.027844e-01
   8  3.688947e+00  7.241436e-02  9.506896e-01  1.249727e+00  3.758844e-02  2.371517e-01  2.167211e-01
   9  4.219037e+00  6.784803e-02  5.716395e-01  1.249727e+00  3.758844e-02  2.375678e-01  3.192526e-01
  10  3.913890e+00  5.939661e-02  2.103826e-01  1.249727e+00  3.758844e-02  2.376480e-01  4.232715e-01
  11  2.709557e+00  4.008398e-02  9.391295e-02  1.249727e+00  3.758844e-02  2.416315e-01  5.579382e-01
  12  1.112358e+00  2.634734e-02  4.727058e-02  1.249727e+00  3.758844e-02  2.498273e-01  7.621706e-01
  13  2.430120e-01  1.548009e-02  1.124651e-02  1.249727e+00  3.758844e-02  2.610851e-01  1.073937e+00
  14  1.090305e+00  4.358672e-02  4.466414e-02  1.249727e+00  3.758844e-02  2.759505e-01  1.014392e-01
  15  2.076165e+00  5.705640e-02  2.208801e-01  1.249727e+00  3.758844e-02  2.831545e-01  2.099467e-01
  16  2.577073e+00  5.740177e-02  4.931541e-01  1.249727e+00  3.758844e-02  2.866118e-01  3.165897e-01
  17  2.560390e+00  5.081619e-02  2.884656e-01  1.249727e+00  3.758844e-02  2.871796e-01  4.181180e-01
  18  1.987030e+00  3.426858e-02  9.699928e-02  1.249727e+00  3.758844e-02  2.908920e-01  5.500828e-01
  19  9.388175e-01  2.102778e-02  2.781327e-02  1.249727e+00  3.758844e-02  2.955003e-01  7.398435e-01
  20  1.792868e-01  8.563997e-03  6.063206e-03  1.249727e+00  3.758844e-02  3.014583e-01  1.017770e+00
  21  6.181819e-01  2.792009e-02  1.946831e-02  1.249727e+00  3.758844e-02  3.374792e-01  1.014070e-01
  22  1.301206e+00  3.602716e-02  1.508988e-01  1.249727e+00  3.758844e-02  3.440591e-01  2.090721e-01
  23  1.551425e+00  3.560288e-02  3.585915e-01  1.249727e+00  3.758844e-02  3.477932e-01  3.123826e-01
  24  1.661679e+00  3.534455e-02  2.480396e-01  1.249727e+00  3.758844e-02  3.478862e-01  4.163624e-01
  25  1.349975e+00  2.249053e-02  1.106181e-01  1.249727e+00  3.758844e-02  3.511359e-01  5.450922e-01
  26  7.397282e-01  1.410481e-02  3.638629e-02  1.249727e+00  3.758844e-02  3.524700e-01  7.219103e-01
  27  1.880701e-01  5.441141e-03  9.754344e-03  1.249727e+00  3.758844e-02  3.581437e-01  9.971298e-01
  28  2.948050e-01  1.648338e-02  1.019283e-02  1.249727e+00  3.758844e-02  4.212458e-01  1.038083e-01
  29  6.870249e-01  2.300251e-02  5.259189e-02  1.249727e+00  3.758844e-02  4.248629e-01  2.050348e-01
  30  8.271219e-01  2.265541e-02  1.880811e-01  1.249727e+00  3.758844e-02  4.295751e-01  3.079483e-01
  31  9.113495e-01  2.229233e-02  1.300682e-01  1.249727e+00  3.758844e-02  4.332765e-01  4.124587e-01
  32  7.611685e-01  1.596964e-02  5.836937e-02  1.249727e+00  3.758844e-02  4.331425e-01  5.382168e-01
  33  4.718450e-01  9.631586e-03  1.955466e-02  1.249727e+00  3.758844e-02  4.375076e-01  7.151200e-01
  34  1.266748e-01  3.375469e-03  5.407345e-03  1.249727e+00  3.758844e-02  4.407623e-01  9.784643e-01
  35  1.197648e-01  8.648303e-03  3.499890e-03  1.249727e+00  3.758844e-02  5.321032e-01  1.037318e-01
  36  3.056249e-01  1.360304e-02  7.065222e-02  1.249727e+00  3.758844e-02  5.344866e-01  2.050285e-01
  37  4.147209e-01  1.393770e-02  5.908298e-02  1.249727e+00  3.758844e-02  5.434017e-01  3.093208e-01
  38  3.933123e-01  1.283271e-02  1.809011e-02  1.249727e+00  3.758844e-02  5.420689e-01  4.084944e-01
  39  3.888423e-01  9.799603e-03  3.622900e-02  1.249727e+00  3.758844e-02  5.403907e-01  5.308294e-01
  40  2.602705e-01  6.717099e-03  3.582427e-02  1.249727e+00  3.758844e-02  5.478636e-01  7.021481e-01
  41  9.617724e-02  2.608277e-03  1.315489e-02  1.249727e+00  3.758844e-02  5.402718e-01  9.611854e-01
  42  5.468577e-02  3.751303e-03  1.920242e-03  1.249727e+00  3.758844e-02  6.899448e-01  1.014492e-01
  43  1.413401e-01  6.177710e-03  2.447972e-02  1.249727e+00  3.758844e-02  6.940781e-01  2.034127e-01
  44  1.681871e-01  6.180744e-03  4.580923e-02  1.249727e+00  3.758844e-02  6.902786e-01  3.003950e-01
  45  1.690791e-01  6.071857e-03  2.271019e-02  1.249727e+00  3.758844e-02  6.859120e-01  4.009562e-01
  46  1.343528e-01  4.246006e-03  2.043545e-02  1.249727e+00  3.758844e-02  6.873729e-01  5.236346e-01
  47  9.638652e-02  3.144345e-03  6.450574e-03  1.249727e+00  3.758844e-02  6.880805e-01  6.928845e-01
  48  3.793702e-02  1.396553e-03  2.629728e-03  1.249727e+00  3.758844e-02  6.862380e-01  9.517994e-01
  49  9.640792e-03  6.857498e-04  3.489862e-04  1.249727e+00  3.758844e-02  8.929212e-01  1.083702e-01
  50  1.793662e-02  1.402616e-03  3.093304e-03  1.249727e+00  3.758844e-02  8.743970e-01  2.019668e-01
  51  1.787049e-02  1.512873e-03  4.876817e-03  1.249727e+00  3.758844e-02  8.756005e-01  2.968198e-01
  52  2.289552e-02  1.682315e-03  3.093537e-03  1.249727e+00  3.758844e-02  8.625979e-01  4.033756e-01
  53  1.965475e-02  1.576854e-03  3.026938e-03  1.249727e+00  3.758844e-02  8.633378e-01  5.154033e-01
  54  9.962350e-03  1.045108e-03  6.983123e-04  1.249727e+00  3.758844e-02  8.587443e-01  6.939034e-01
  55  5.545424e-03  6.597880e-04  3.908381e-04  1.249727e+00  3.758844e-02  8.481465e-01  9.284211e-01
  56  3.453880e+00  4.619848e-02  2.111011e-01  1.509975e+00  6.109764e-02  1.448088e-01  1.042913e-01
  57  6.947725e+00  6.763331e-02  1.073410e+00  1.509975e+00  6.109764e-02  1.460035e-01  2.106578e-01
  58  7.552178e+00  6.831349e-02  4.236984e-01  1.509975e+00  6.109764e-02  1.483450e-01  3.126589e-01
  59  5.951945e+00  6.646111e-02  2.819428e-01  1.509975e+00  6.109764e-02  1.506585e-01  4.186128e-01
  60  3.480767e+00  5.601356e-02  3.913702e-01  1.509975e+00  6.109764e-02  1.540164e-01  5.541303e-01
  61  1.387009e+00  5.981564e-02  1.904424e-01  1.509975e+00  6.109764e-02  1.594547e-01  7.513606e-01
  62  1.443738e-01  5.536140e-02  1.976517e-02  1.511023e+00  6.109442e-02  2.029049e-01  1.206751e+00
  63  1.690491e+00  3.150627e-02  8.905414e-02  1.509975e+00  6.109764e-02  2.238179e-01  1.007701e-01
  64  3.246577e+00  5.220018e-02  1.233875e-01  1.509975e+00  6.109764e-02  2.261151e-01  2.055796e-01
  65  3.740084e+00  5.789261e-02  7.361080e-01  1.509975e+00  6.109764e-02  2.273944e-01  3.058954e-01
  66  3.436039e+00  5.294212e-02  3.764672e-01  1.509975e+00  6.109764e-02  2.282635e-01  4.071821e-01
  67  2.167104e+00  3.527500e-02  8.784720e-02  1.509975e+00  6.109764e-02  2.326019e-01  5.383136e-01
  68  9.082475e-01  2.501154e-02  1.749538e-02  1.509975e+00  6.109764e-02  2.376982e-01  7.228639e-01
  69  1.698477e-01  1.505410e-02  4.968223e-03  1.509975e+00  6.109764e-02  2.470436e-01  1.016467e+00
  70  1.015363e+00  2.360065e-02  5.232513e-02  1.509975e+00  6.109764e-02  2.737029e-01  1.008558e-01
  71  2.016026e+00  4.074827e-02  6.884191e-02  1.509975e+00  6.109764e-02  2.751344e-01  2.041106e-01
  72  2.429020e+00  4.721861e-02  6.138904e-01  1.509975e+00  6.109764e-02  2.762683e-01  3.036591e-01
  73  2.307595e+00  4.568779e-02  3.763166e-01  1.509975e+00  6.109764e-02  2.778252e-01  4.056287e-01
  74  1.669219e+00  2.941178e-02  1.553077e-01  1.509975e+00  6.109764e-02  2.812356e-01  5.322950e-01
  75  7.402683e-01  1.885292e-02  4.684486e-02  1.509975e+00  6.109764e-02  2.858259e-01  7.131030e-01
  76  1.527986e-01  8.163804e-03  9.994965e-03  1.509975e+00  6.109764e-02  2.910801e-01  9.840368e-01
  77  6.438816e-01  1.373974e-02  8.124243e-02  1.509975e+00  6.109764e-02  3.345382e-01  1.010232e-01
  78  1.312445e+00  2.526910e-02  3.526361e-02  1.509975e+00  6.109764e-02  3.351228e-01  2.047656e-01
  79  1.552867e+00  2.854210e-02  3.480122e-02  1.509975e+00  6.109764e-02  3.380117e-01  3.034515e-01
  80  1.605704e+00  3.064570e-02  3.288124e-01  1.509975e+00  6.109764e-02  3.380667e-01  4.025394e-01
  81  1.151814e+00  1.960023e-02  1.521309e-01  1.509975e+00  6.109764e-02  3.410524e-01  5.287276e-01
  82  6.159066e-01  1.187154e-02  5.602933e-02  1.509975e+00  6.109764e-02  3.416756e-01  6.970760e-01
  83  1.261678e-01  4.449143e-03  1.158384e-02  1.509975e+00  6.109764e-02  3.495987e-01  9.590017e-01
  84  2.906140e-01  7.761968e-03  9.362902e-03  1.509975e+00  6.109764e-02  4.203812e-01  9.965866e-02
  85  6.277481e-01  1.422096e-02  1.717490e-02  1.509975e+00  6.109764e-02  4.205517e-01  2.035568e-01
  86  7.964434e-01  1.696200e-02  1.821098e-02  1.509975e+00  6.109764e-02  4.226551e-01  3.022211e-01
  87  8.122085e-01  1.802498e-02  1.642956e-01  1.509975e+00  6.109764e-02  4.235563e-01  4.031503e-01
  88  6.935062e-01  1.356177e-02  8.968566e-02  1.509975e+00  6.109764e-02  4.263696e-01  5.259415e-01
  89  4.030749e-01  8.383964e-03  3.335868e-02  1.509975e+00  6.109764e-02  4.277857e-01  6.967188e-01
  90  1.007589e-01  2.883871e-03  8.368167e-03  1.509975e+00  6.109764e-02  4.352562e-01  9.539559e-01
  91  1.468955e-01  4.777488e-03  3.896773e-03  1.509975e+00  6.109764e-02  5.306731e-01  1.017949e-01
  92  3.175026e-01  8.609084e-03  1.538794e-02  1.509975e+00  6.109764e-02  5.341231e-01  2.038984e-01
  93  3.960326e-01  9.998273e-03  7.137710e-02  1.509975e+00  6.109764e-02  5.340819e-01  3.029521e-01
  94  4.234031e-01  1.063788e-02  4.115440e-02  1.509975e+00  6.109764e-02  5.357603e-01  4.018593e-01
  95  3.562518e-01  8.300103e-03  1.180269e-02  1.509975e+00  6.109764e-02  5.356029e-01  5.229940e-01
  96  2.408064e-01  5.983974e-03  1.187261e-02  1.509975e+00  6.109764e-02  5.365211e-01  6.913482e-01
  97  7.207700e-02  2.109901e-03  3.831843e-03  1.509975e+00  6.109764e-02  5.407959e-01  9.437801e-01
  98  5.923368e-02  2.049118e-03  4.047314e-03  1.509975e+00  6.109764e-02  6.912462e-01  1.006646e-01
  99  1.219662e-01  3.669458e-03  1.262344e-02  1.509975e+00  6.109764e-02  6.937286e-01  2.034628e-01
 100  1.842807e-01  4.781453e-03  3.881561e-02  1.509975e+00  6.109764e-02  6.925913e-01  3.007179e-01
 101  1.896932e-01  4.940748e-03  5.368465e-02  1.509975e+00  6.109764e-02  6.867716e-01  4.011502e-01
 102  1.641815e-01  3.764768e-03  1.248479e-02  1.509975e+00  6.109764e-02  6.889838e-01  5.192567e-01
 103  9.666837e-02  2.794402e-03  6.735602e-03  1.509975e+00  6.109764e-02  6.865615e-01  6.890118e-01
 104  3.927048e-02  1.251378e-03  2.755004e-03  1.509975e+00  6.109764e-02  6.872015e-01  9.398499e-01
 105  1.577179e-02  5.509648e-04  1.051830e-03  1.509975e+00  6.109764e-02  8.899017e-01  9.830213e-02
 106  2.448038e-02  9.287557e-04  2.525515e-03  1.509975e+00  6.109764e-02  8.818841e-01  2.019586e-01
 107  3.031992e-02  1.114359e-03  6.404420e-03  1.509975e+00  6.109764e-02  8.745557e-01  2.976572e-01
 108  2.367413e-02  1.159107e-03  6.709033e-03  1.509975e+00  6.109764e-02  8.671551e-01  3.997915e-01
 109  2.281167e-02  1.084196e-03  1.797493e-03  1.509975e+00  6.109764e-02  8.692246e-01  5.163986e-01
 110  1.179909e-02  7.871666e-04  8.484012e-04  1.509975e+00  6.109764e-02  8.638290e-01  6.813995e-01
 111  3.411452e-03  3.402838e-04  2.411958e-04  1.509975e+00  6.109764e-02  8.655437e-01  9.214729e-01
 112  3.036977e+00  4.294241e-02  2.545447e-01  1.820673e+00  9.573812e-02  1.422039e-01  1.017217e-01
 113  6.250340e+00  7.416595e-02  1.508380e+00  1.820673e+00  9.573812e-02  1.431357e-01  2.047015e-01
 114  6.525486e+00  7.404546e-02  8.205470e-01  1.820673e+00  9.573812e-02  1.452705e-01  3.053796e-01
 115  5.039637e+00  6.895253e-02  1.981528e-01  1.820673e+00  9.573812e-02  1.464310e-01  4.056413e-01
 116  3.010518e+00  5.715731e-02  2.076025e-01  1.820673e+00  9.573812e-02  1.460415e-01  5.286145e-01
 117  1.063247e+00  5.638401e-02  1.109658e-01  1.820673e+00  9.573812e-02  1.510250e-01  6.990824e-01
 118  9.897367e-02  3.541021e-02  1.035739e-02  1.820673e+00  9.573812e-02  1.546509e-01  8.888896e-01
 119  1.363799e+00  2.624638e-02  2.033620e-01  1.820673e+00  9.573812e-02  2.232183e-01  1.006469e-01
 120  2.853186e+00  5.139707e-02  1.463010e-01  1.820673e+00  9.573812e-02  2.241254e-01  2.034049e-01
 121  3.294509e+00  6.055030e-02  8.795008e-01  1.820673e+00  9.573812e-02  2.245165e-01  3.013917e-01
 122  2.765418e+00  5.353427e-02  4.937842e-01  1.820673e+00  9.573812e-02  2.259766e-01  4.017832e-01
 123  1.776996e+00  3.398290e-02  1.907768e-01  1.820673e+00  9.573812e-02  2.269704e-01  5.227084e-01
 124  7.003155e-01  2.359699e-02  5.261773e-02  1.820673e+00  9.573812e-02  2.295074e-01  6.952305e-01
 125  1.354578e-01  1.351390e-02  1.055624e-02  1.820673e+00  9.573812e-02  2.419427e-01  9.774463e-01
 126  9.645312e-01  2.034453e-02  1.003286e-01  1.820673e+00  9.573812e-02  2.738507e-01  9.999910e-02
 127  1.886449e+00  3.890999e-02  9.635624e-02  1.820673e+00  9.573812e-02  2.744522e-01  2.040116e-01
 128  2.211227e+00  4.775167e-02  7.188731e-02  1.820673e+00  9.573812e-02  2.749706e-01  3.017352e-01
 129  2.130765e+00  4.740488e-02  4.986145e-01  1.820673e+00  9.573812e-02  2.753837e-01  4.005640e-01
 130  1.368496e+00  2.851471e-02  2.205878e-01  1.820673e+00  9.573812e-02  2.767121e-01  5.227738e-01
 131  6.402803e-01  1.790739e-02  7.978309e-02  1.820673e+00  9.573812e-02  2.771085e-01  6.907729e-01
 132  9.699383e-02  6.956236e-03  1.235494e-02  1.820673e+00  9.573812e-02  2.817015e-01  9.393367e-01
 133  5.830624e-01  1.191100e-02  4.673355e-02  1.820673e+00  9.573812e-02  3.338796e-01  1.013336e-01
 134  1.216689e+00  2.234614e-02  5.374045e-02  1.820673e+00  9.573812e-02  3.346013e-01  2.027680e-01
 135  1.445095e+00  2.754190e-02  3.894341e-02  1.820673e+00  9.573812e-02  3.354633e-01  3.014741e-01
 136  1.392124e+00  3.021606e-02  3.744279e-01  1.820673e+00  9.573812e-02  3.361361e-01  3.999726e-01
 137  1.044694e+00  1.993068e-02  2.035085e-01  1.820673e+00  9.573812e-02  3.374990e-01  5.220339e-01
 138  4.797466e-01  1.106065e-02  7.585375e-02  1.820673e+00  9.573812e-02  3.392370e-01  6.903715e-01
 139  8.813592e-02  3.851006e-03  1.397631e-02  1.820673e+00  9.573812e-02  3.464755e-01  9.478565e-01
 140  3.060634e-01  7.369717e-03  3.450039e-02  1.820673e+00  9.573812e-02  4.203954e-01  9.992146e-02
 141  6.826081e-01  1.347845e-02  2.193731e-02  1.820673e+00  9.573812e-02  4.192583e-01  2.035124e-01
 142  7.740782e-01  1.623055e-02  1.345206e-02  1.820673e+00  9.573812e-02  4.211666e-01  3.002826e-01
 143  7.464837e-01  1.773768e-02  1.931027e-01  1.820673e+00  9.573812e-02  4.209714e-01  4.011082e-01
 144  6.413216e-01  1.389213e-02  1.188896e-01  1.820673e+00  9.573812e-02  4.224085e-01  5.215942e-01
 145  3.609187e-01  8.484969e-03  5.238939e-02  1.820673e+00  9.573812e-02  4.254597e-01  6.900669e-01
 146  7.709753e-02  2.601759e-03  1.120387e-02  1.820673e+00  9.573812e-02  4.244558e-01  9.264976e-01
 147  1.611338e-01  4.723622e-03  6.227883e-03  1.820673e+00  9.573812e-02  5.337507e-01  1.013740e-01
 148  2.956902e-01  8.005618e-03  1.437727e-02  1.820673e+00  9.573812e-02  5.306080e-01  2.027557e-01
 149  3.888079e-01  9.790245e-03  9.119780e-02  1.820673e+00  9.573812e-02  5.324026e-01  3.005564e-01
 150  3.935278e-01  1.104466e-02  5.980667e-02  1.820673e+00  9.573812e-02  5.323928e-01  4.006197e-01
 151  3.554873e-01  8.904972e-03  2.738458e-02  1.820673e+00  9.573812e-02  5.346427e-01  5.222905e-01
 152  2.146479e-01  6.253132e-03  6.864243e-03  1.820673e+00  9.573812e-02  5.351212e-01  6.906091e-01
 153  5.198412e-02  1.913631e-03  1.688446e-03  1.820673e+00  9.573812e-02  5.362819e-01  9.367222e-01
 154  6.123214e-02  2.314273e-03  7.327966e-03  1.820673e+00  9.573812e-02  6.939297e-01  1.011101e-01
 155  1.583503e-01  4.380514e-03  5.919890e-03  1.820673e+00  9.573812e-02  6.943033e-01  2.035382e-01
 156  1.761239e-01  5.015783e-03  2.500264e-02  1.820673e+00  9.573812e-02  6.932585e-01  3.005247e-01
 157  1.850336e-01  5.196848e-03  4.200213e-02  1.820673e+00  9.573812e-02  6.892894e-01  3.986339e-01
 158  1.562128e-01  4.184576e-03  4.270495e-02  1.820673e+00  9.573812e-02  6.855036e-01  5.219962e-01
 159  1.049854e-01  3.185118e-03  5.582520e-03  1.820673e+00  9.573812e-02  6.854989e-01  6.881606e-01
 160  3.264495e-02  1.247950e-03  1.696857e-03  1.820673e+00  9.573812e-02  6.864712e-01  9.339931e-01
 161  2.360684e-02  7.966172e-04  2.808215e-03  1.820673e+00  9.573812e-02  8.886837e-01  9.878441e-02
 162  5.178921e-02  1.715239e-03  2.043799e-03  1.820673e+00  9.573812e-02  8.890815e-01  2.027826e-01
 163  4.408760e-02  1.738507e-03  6.333274e-03  1.820673e+00  9.573812e-02  8.801299e-01  2.974968e-01
 164  3.844032e-02  1.731481e-03  8.726175e-03  1.820673e+00  9.573812e-02  8.718207e-01  3.968978e-01
 165  2.977422e-02  1.222813e-03  8.140266e-03  1.820673e+00  9.573812e-02  8.663398e-01  5.187524e-01
 166  1.553828e-02  9.283142e-04  7.842939e-04  1.820673e+00  9.573812e-02  8.636517e-01  6.825708e-01
 167  4.210836e-03  4.039844e-04  2.190188e-04  1.820673e+00  9.573812e-02  8.507021e-01  9.454211e-01
 168  3.023364e+00  5.090200e-02  3.124742e-01  2.875440e+00  1.522067e-01  1.405542e-01  1.023568e-01
 169  5.827211e+00  9.603903e-02  1.566910e+00  2.875440e+00  1.522067e-01  1.415395e-01  2.031415e-01
 170  6.149853e+00  1.041962e-01  9.722365e-01  2.875440e+00  1.522067e-01  1.431651e-01  3.002996e-01
 171  4.759875e+00  9.229721e-02  3.616600e-01  2.875440e+00  1.522067e-01  1.447781e-01  3.994459e-01
 172  2.838796e+00  7.347140e-02  1.757691e-01  2.875440e+00  1.522067e-01  1.431139e-01  5.192516e-01
 173  9.005095e-01  6.703718e-02  8.954888e-02  2.875440e+00  1.522067e-01  1.485154e-01  6.830829e-01
 174  1.249970e-01  4.599284e-02  1.227420e-02  2.875440e+00  1.522067e-01  1.599715e-01  8.906782e-01
 175  1.330008e+00  3.000380e-02  1.997088e-01  2.875440e+00  1.522067e-01  2.234060e-01  1.019542e-01
 176  2.776753e+00  6.068740e-02  1.975058e-01  2.875440e+00  1.522067e-01  2.229413e-01  2.025970e-01
 177  3.391924e+00  7.852302e-02  2.056512e-01  2.875440e+00  1.522067e-01  2.240738e-01  3.001728e-01
 178  2.668218e+00  7.193899e-02  5.588818e-01  2.875440e+00  1.522067e-01  2.242283e-01  3.993799e-01
 179  1.809479e+00  4.500629e-02  2.497389e-01  2.875440e+00  1.522067e-01  2.248536e-01  5.170209e-01
 180  6.917897e-01  3.014477e-02  6.917820e-02  2.875440e+00  1.522067e-01  2.246269e-01  6.881749e-01
 181  1.150090e-01  1.636606e-02  1.146713e-02  2.875440e+00  1.522067e-01  2.284008e-01  9.225623e-01
 182  9.469808e-01  2.308467e-02  1.044464e-01  2.875440e+00  1.522067e-01  2.730494e-01  1.002563e-01
 183  1.942280e+00  4.510005e-02  1.290550e-01  2.875440e+00  1.522067e-01  2.739747e-01  2.036438e-01
 184  2.171311e+00  5.787867e-02  1.131716e-01  2.875440e+00  1.522067e-01  2.739866e-01  3.007641e-01
 185  2.037137e+00  6.155987e-02  5.370174e-01  2.875440e+00  1.522067e-01  2.726775e-01  3.997213e-01
 186  1.323416e+00  3.714487e-02  2.556994e-01  2.875440e+00  1.522067e-01  2.743134e-01  5.191526e-01
 187  5.582176e-01  2.157834e-02  8.671845e-02  2.875440e+00  1.522067e-01  2.766406e-01  6.870878e-01
 188  1.103437e-01  9.311476e-03  1.731058e-02  2.875440e+00  1.522067e-01  2.791516e-01  9.363861e-01
 189  5.432133e-01  1.325811e-02  4.561219e-02  2.875440e+00  1.522067e-01  3.333782e-01  1.022355e-01
 190  1.140293e+00  2.471171e-02  6.812104e-02  2.875440e+00  1.522067e-01  3.339023e-01  2.033128e-01
 191  1.386216e+00  3.137740e-02  6.163858e-02  2.875440e+00  1.522067e-01  3.342428e-01  3.005608e-01
 192  1.369919e+00  3.695736e-02  4.963100e-02  2.875440e+00  1.522067e-01  3.348335e-01  3.999545e-01
 193  9.777321e-01  2.506737e-02  2.216875e-01  2.875440e+00  1.522067e-01  3.354355e-01  5.195308e-01
 194  4.668429e-01  1.396795e-02  8.834506e-02  2.875440e+00  1.522067e-01  3.360694e-01  6.830707e-01
 195  8.503785e-02  4.751628e-03  1.604896e-02  2.875440e+00  1.522067e-01  3.368907e-01  9.204131e-01
 196  2.891156e-01  8.556753e-03  3.317108e-02  2.875440e+00  1.522067e-01  4.208335e-01  1.014536e-01
 197  6.189411e-01  1.538612e-02  3.082844e-02  2.875440e+00  1.522067e-01  4.193001e-01  2.024962e-01
 198  7.524824e-01  1.853904e-02  2.761237e-02  2.875440e+00  1.522067e-01  4.194210e-01  3.005311e-01
 199  7.293233e-01  2.090935e-02  1.986958e-02  2.875440e+00  1.522067e-01  4.202277e-01  4.000032e-01
 200  6.080758e-01  1.683658e-02  1.317610e-01  2.875440e+00  1.522067e-01  4.221247e-01  5.204130e-01
 201  3.119754e-01  1.014167e-02  5.596418e-02  2.875440e+00  1.522067e-01  4.218379e-01  6.900843e-01
 202  6.240871e-02  2.987951e-03  1.117339e-02  2.875440e+00  1.522067e-01  4.223732e-01  9.161972e-01
 203  1.324064e-01  5.341027e-03  7.648938e-03  2.875440e+00  1.522067e-01  5.327683e-01  1.011131e-01
 204  2.979450e-01  1.007972e-02  2.130058e-02  2.875440e+00  1.522067e-01  5.301063e-01  2.028044e-01
 205  3.721439e-01  1.159516e-02  9.948187e-02  2.875440e+00  1.522067e-01  5.307025e-01  3.014004e-01
 206  3.618497e-01  1.273253e-02  6.432800e-02  2.875440e+00  1.522067e-01  5.309645e-01  4.000667e-01
 207  3.326854e-01  1.031283e-02  3.401402e-02  2.875440e+00  1.522067e-01  5.325807e-01  5.195134e-01
 208  1.876653e-01  7.572359e-03  1.220047e-02  2.875440e+00  1.522067e-01  5.325431e-01  6.891796e-01
 209  5.521362e-02  2.595625e-03  3.771640e-03  2.875440e+00  1.522067e-01  5.335690e-01  9.325327e-01
 210  6.607367e-02  3.069883e-03  1.074894e-02  2.875440e+00  1.522067e-01  6.914728e-01  9.866665e-02
 211  1.348756e-01  5.680146e-03  3.476219e-03  2.875440e+00  1.522067e-01  6.895155e-01  2.020735e-01
 212  1.522650e-01  6.411287e-03  1.476771e-02  2.875440e+00  1.522067e-01  6.878281e-01  2.997781e-01
 213  1.733352e-01  6.780599e-03  3.247020e-02  2.875440e+00  1.522067e-01  6.874790e-01  3.998332e-01
 214  1.301819e-01  4.581749e-03  3.235730e-02  2.875440e+00  1.522067e-01  6.847485e-01  5.209925e-01
 215  9.343373e-02  3.733544e-03  5.034048e-03  2.875440e+00  1.522067e-01  6.827928e-01  6.924996e-01
 216  2.913009e-02  1.607350e-03  1.538158e-03  2.875440e+00  1.522067e-01  6.906615e-01  9.429665e-01
 217  2.119782e-02  1.119351e-03  3.419003e-03  2.875440e+00  1.522067e-01  8.890402e-01  9.717925e-02
 218  3.563060e-02  2.298494e-03  1.013160e-03  2.875440e+00  1.522067e-01  8.852618e-01  2.003783e-01
 219  4.681215e-02  2.535497e-03  4.517756e-03  2.875440e+00  1.522067e-01  8.810223e-01  3.000363e-01
 220  3.577289e-02  2.498944e-03  6.707905e-03  2.875440e+00  1.522067e-01  8.760263e-01  3.982409e-01
 221  2.821766e-02  1.608054e-03  7.038346e-03  2.875440e+00  1.522067e-01  8.683354e-01  5.176723e-01
 222  1.523902e-02  1.127318e-03  8.646372e-04  2.875440e+00  1.522067e-01  8.656348e-01  6.853843e-01
 223  4.188067e-03  5.021021e-04  2.310441e-04  2.875440e+00  1.522067e-01  8.526051e-01  9.216346e-01
 224  2.779360e+00  8.139731e-02  6.062054e-01  5.241270e+00  2.538812e-01  1.405356e-01  1.015175e-01
 225  6.307640e+00  1.799639e-01  4.840539e-01  5.241270e+00  2.538812e-01  1.406100e-01  2.027460e-01
 226  6.514630e+00  2.108948e-01  6.634000e-01  5.241270e+00  2.538812e-01  1.422484e-01  2.990850e-01
 227  4.883655e+00  1.811671e-01  1.022079e+00  5.241270e+00  2.538812e-01  1.442153e-01  3.975900e-01
 228  2.953939e+00  1.280833e-01  7.353388e-01  5.241270e+00  2.538812e-01  1.430536e-01  5.202623e-01
 229  1.144112e+00  1.194744e-01  3.334859e-01  5.241270e+00  2.538812e-01  1.446518e-01  6.684873e-01
 230  1.224599e-01  8.003125e-02  3.570621e-02  5.242325e+00  2.539186e-01  1.552297e-01  8.965923e-01
 231  1.404284e+00  4.745371e-02  1.198002e-01  5.241270e+00  2.538812e-01  2.235936e-01  9.978739e-02
 232  2.923074e+00  9.349785e-02  7.243999e-01  5.241270e+00  2.538812e-01  2.232653e-01  2.029138e-01
 233  3.121486e+00  1.245371e-01  4.184734e-01  5.241270e+00  2.538812e-01  2.231566e-01  2.993159e-01
 234  2.694179e+00  1.279452e-01  9.832352e-02  5.241270e+00  2.538812e-01  2.239520e-01  3.983097e-01
 235  1.866455e+00  7.820925e-02  1.872776e-01  5.241270e+00  2.538812e-01  2.235934e-01  5.184172e-01
 236  6.844555e-01  4.714153e-02  1.005270e-01  5.241270e+00  2.538812e-01  2.244650e-01  6.833628e-01
 237  8.910350e-02  2.401383e-02  1.308768e-02  5.241270e+00  2.538812e-01  2.238000e-01  8.954064e-01
 238  8.882589e-01  3.506731e-02  7.007036e-02  5.241270e+00  2.538812e-01  2.732000e-01  1.008493e-01
 239  1.778869e+00  6.666505e-02  4.915842e-01  5.241270e+00  2.538812e-01  2.732320e-01  2.029737e-01
 240  2.363833e+00  8.904436e-02  3.775186e-01  5.241270e+00  2.538812e-01  2.740842e-01  3.004804e-01
 241  2.119526e+00  1.009081e-01  1.574965e-01  5.241270e+00  2.538812e-01  2.740496e-01  3.982353e-01
 242  1.425125e+00  6.682483e-02  6.265369e-02  5.241270e+00  2.538812e-01  2.737692e-01  5.180690e-01
 243  6.708408e-01  3.753599e-02  5.926847e-02  5.241270e+00  2.538812e-01  2.741194e-01  6.787602e-01
 244  6.826336e-02  1.308619e-02  6.088026e-03  5.241270e+00  2.538812e-01  2.758869e-01  9.221474e-01
 245  4.361378e-01  1.998570e-02  3.227800e-02  5.241270e+00  2.538812e-01  3.336636e-01  1.015863e-01
 246  1.120034e+00  3.918125e-02  1.037218e-01  5.241270e+00  2.538812e-01  3.344515e-01  2.028597e-01
 247  1.338662e+00  4.792030e-02  2.630471e-01  5.241270e+00  2.538812e-01  3.343206e-01  3.002157e-01
 248  1.299666e+00  5.466626e-02  1.376126e-01  5.241270e+00  2.538812e-01  3.340167e-01  3.990936e-01
 249  9.710571e-01  4.191711e-02  3.356073e-02  5.241270e+00  2.538812e-01  3.350068e-01  5.191100e-01
 250  4.878706e-01  2.520986e-02  2.302182e-02  5.241270e+00  2.538812e-01  3.350996e-01  6.827939e-01
 251  9.567202e-02  8.176774e-03  4.470775e-03  5.241270e+00  2.538812e-01  3.357030e-01  9.291243e-01
 252  2.783006e-01  1.317744e-02  1.733878e-02  5.241270e+00  2.538812e-01  4.188729e-01  1.024760e-01
 253  5.460427e-01  2.397574e-02  6.517966e-02  5.241270e+00  2.538812e-01  4.179417e-01  2.039301e-01
 254  7.115265e-01  2.939949e-02  1.557941e-01  5.241270e+00  2.538812e-01  4.193256e-01  3.014741e-01
 255  6.944949e-01  3.159485e-02  6.754934e-02  5.241270e+00  2.538812e-01  4.194550e-01  3.994213e-01
 256  6.175973e-01  2.477422e-02  1.477580e-02  5.241270e+00  2.538812e-01  4.204297e-01  5.215030e-01
 257  3.412776e-01  1.779834e-02  1.557537e-02  5.241270e+00  2.538812e-01  4.240164e-01  6.885764e-01
 258  7.247443e-02  5.380231e-03  3.422255e-03  5.241270e+00  2.538812e-01  4.204292e-01  9.284100e-01
 259  1.212247e-01  8.252815e-03  6.119656e-03  5.241270e+00  2.538812e-01  5.293345e-01  1.042764e-01
 260  2.412393e-01  1.507049e-02  4.585942e-02  5.241270e+00  2.538812e-01  5.300672e-01  2.015228e-01
 261  3.104361e-01  1.830225e-02  2.795406e-02  5.241270e+00  2.538812e-01  5.291631e-01  3.015744e-01
 262  3.608526e-01  2.028244e-02  2.519422e-02  5.241270e+00  2.538812e-01  5.291109e-01  3.988613e-01
 263  2.743901e-01  1.404501e-02  2.629907e-02  5.241270e+00  2.538812e-01  5.285183e-01  5.227097e-01
 264  1.833238e-01  1.098566e-02  2.698038e-02  5.241270e+00  2.538812e-01  5.320590e-01  6.854084e-01
 265  5.117014e-02  4.271912e-03  7.559935e-03  5.241270e+00  2.538812e-01  5.382871e-01  9.438126e-01
 266  5.137324e-02  4.924235e-03  3.062262e-03  5.241270e+00  2.538812e-01  6.857839e-01  1.032566e-01
 267  1.324507e-01  9.917063e-03  2.177295e-02  5.241270e+00  2.538812e-01  6.815989e-01  2.016946e-01
 268  1.106495e-01  1.029933e-02  2.935660e-02  5.241270e+00  2.538812e-01  6.794035e-01  3.011040e-01
 269  1.431822e-01  1.071018e-02  3.610807e-03  5.241270e+00  2.538812e-01  6.854764e-01  3.975786e-01
 270  1.210586e-01  7.288295e-03  2.295339e-03  5.241270e+00  2.538812e-01  6.831759e-01  5.215886e-01
 271  7.885035e-02  5.131143e-03  1.783117e-03  5.241270e+00  2.538812e-01  6.808522e-01  6.877197e-01
 272  2.808487e-02  2.199393e-03  5.412003e-04  5.241270e+00  2.538812e-01  6.861895e-01  9.342938e-01
 273  1.257377e-02  1.758015e-03  6.970667e-04  5.241270e+00  2.538812e-01  8.819489e-01  9.749775e-02
 274  2.672374e-02  3.688457e-03  4.396694e-03  5.241270e+00  2.538812e-01  8.683477e-01  2.029234e-01
 275  3.188022e-02  4.450328e-03  8.481380e-03  5.241270e+00  2.538812e-01  8.808116e-01  3.015589e-01
 276  3.221355e-02  4.805030e-03  9.415102e-04  5.241270e+00  2.538812e-01  8.768724e-01  4.002710e-01
 277  2.254459e-02  2.773092e-03  7.111754e-04  5.241270e+00  2.538812e-01  8.681017e-01  5.189948e-01
 278  1.534929e-02  1.850910e-03  3.169178e-04  5.241270e+00  2.538812e-01  8.610592e-01  6.841322e-01
 279  3.961910e-03  7.673296e-04  9.000291e-05  5.241270e+00  2.538812e-01  8.456442e-01  9.084489e-01
 280  3.467983e+00  3.137841e-01  7.580169e-01  9.213259e+00  4.100563e-01  1.391072e-01  9.685238e-02
 281  6.905420e+00  7.022117e-01  5.215252e-01  9.213259e+00  4.100563e-01  1.396775e-01  2.046280e-01
 282  7.737806e+00  8.468938e-01  8.198289e-01  9.213259e+00  4.100563e-01  1.420067e-01  3.016630e-01
 283  4.621511e+00  6.153274e-01  9.641042e-01  9.213259e+00  4.100563e-01  1.408461e-01  3.942266e-01
 284  3.877752e+00  4.470017e-01  9.639803e-01  9.213259e+00  4.100563e-01  1.433519e-01  5.189525e-01
 285  1.270628e+00  3.513520e-01  7.957127e-02  9.213259e+00  4.100563e-01  1.414921e-01  6.660340e-01
 286  0.000000e+00  0.000000e+00  0.000000e+00  0.000000e+00  0.000000e+00  0.000000e+00  0.000000e+00
 287  1.396027e+00  1.535311e-01  1.210041e-01  9.213259e+00  4.100563e-01  2.256838e-01  1.020903e-01
 288  3.102433e+00  2.873898e-01  7.728129e-01  9.213259e+00  4.100563e-01  2.242818e-01  2.032230e-01
 289  3.084199e+00  3.620942e-01  4.210121e-01  9.213259e+00  4.100563e-01  2.238984e-01  2.984163e-01
 290  3.416510e+00  4.189307e-01  1.371431e-01  9.213259e+00  4.100563e-01  2.247747e-01  3.953602e-01
 291  2.323896e+00  2.535225e-01  2.359780e-01  9.213259e+00  4.100563e-01  2.231506e-01  5.188168e-01
 292  1.010148e+00  1.439387e-01  1.499808e-01  9.213259e+00  4.100563e-01  2.250307e-01  6.800174e-01
 293  1.754692e-01  8.346542e-02  2.607535e-02  9.213259e+00  4.100563e-01  2.238534e-01  9.097952e-01
 294  6.813723e-01  1.107641e-01  5.662837e-02  9.213259e+00  4.100563e-01  2.710554e-01  9.646003e-02
 295  1.890922e+00  2.208427e-01  5.243068e-01  9.213259e+00  4.100563e-01  2.759461e-01  2.048850e-01
 296  2.671746e+00  2.844764e-01  4.260647e-01  9.213259e+00  4.100563e-01  2.728847e-01  3.027057e-01
 297  2.622806e+00  3.239433e-01  1.927377e-01  9.213259e+00  4.100563e-01  2.735340e-01  4.008507e-01
 298  1.772356e+00  2.282077e-01  7.801031e-02  9.213259e+00  4.100563e-01  2.742488e-01  5.194338e-01
 299  5.597094e-01  1.092421e-01  4.854401e-02  9.213259e+00  4.100563e-01  2.775138e-01  6.794505e-01
 300  9.496237e-02  3.874890e-02  8.274313e-03  9.213259e+00  4.100563e-01  2.741284e-01  9.292795e-01
 301  3.944001e-01  6.519431e-02  2.913830e-02  9.213259e+00  4.100563e-01  3.326437e-01  1.030489e-01
 302  1.164238e+00  1.318066e-01  1.093528e-01  9.213259e+00  4.100563e-01  3.338348e-01  2.033184e-01
 303  1.424408e+00  1.507474e-01  2.775941e-01  9.213259e+00  4.100563e-01  3.337467e-01  3.002177e-01
 304  1.634632e+00  1.748626e-01  1.738089e-01  9.213259e+00  4.100563e-01  3.341517e-01  3.964671e-01
 305  1.127912e+00  1.345772e-01  3.995553e-02  9.213259e+00  4.100563e-01  3.338204e-01  5.173555e-01
 306  5.305029e-01  8.399290e-02  2.393830e-02  9.213259e+00  4.100563e-01  3.375658e-01  6.700000e-01
 307  8.036417e-02  2.311450e-02  4.023480e-03  9.213259e+00  4.100563e-01  3.417706e-01  9.167795e-01
 308  2.497965e-01  4.211745e-02  1.648419e-02  9.213259e+00  4.100563e-01  4.191350e-01  1.026678e-01
 309  5.040272e-01  7.725789e-02  5.992496e-02  9.213259e+00  4.100563e-01  4.213088e-01  2.034389e-01
 310  6.527574e-01  9.609677e-02  1.430906e-01  9.213259e+00  4.100563e-01  4.198039e-01  3.039607e-01
 311  6.964437e-01  1.000718e-01  6.919022e-02  9.213259e+00  4.100563e-01  4.226964e-01  3.962531e-01
 312  5.497666e-01  7.344943e-02  1.526864e-02  9.213259e+00  4.100563e-01  4.176070e-01  5.219678e-01
 313  3.364904e-01  5.298254e-02  1.689564e-02  9.213259e+00  4.100563e-01  4.178077e-01  6.854389e-01
 314  7.544474e-02  1.828946e-02  3.837549e-03  9.213259e+00  4.100563e-01  4.172164e-01  9.102288e-01
 315  1.208953e-01  2.615630e-02  6.495572e-03  9.213259e+00  4.100563e-01  5.229264e-01  1.010613e-01
 316  2.579484e-01  5.447709e-02  4.900314e-02  9.212750e+00  4.099920e-01  5.290723e-01  2.004928e-01
 317  2.974144e-01  6.368482e-02  2.693380e-02  9.213259e+00  4.100563e-01  5.312233e-01  3.027576e-01
 318  4.214392e-01  7.246015e-02  2.826555e-02  9.213259e+00  4.100563e-01  5.247763e-01  4.021577e-01
 319  2.436881e-01  4.350976e-02  2.350325e-02  9.213259e+00  4.100563e-01  5.262202e-01  5.219972e-01
 320  1.766844e-01  3.193014e-02  2.592483e-02  9.213259e+00  4.100563e-01  5.358424e-01  6.997973e-01
 321  8.253918e-02  1.522895e-02  1.211334e-02  9.213259e+00  4.100563e-01  5.315728e-01  9.053111e-01
 322  2.698424e-02  1.331950e-02  1.538787e-03  9.212750e+00  4.099920e-01  6.822067e-01  1.001661e-01
 323  9.706699e-02  2.776200e-02  1.599647e-02  9.213259e+00  4.100563e-01  6.621433e-01  1.942865e-01
 324  8.910626e-02  3.232303e-02  2.367193e-02  9.213259e+00  4.100563e-01  6.844238e-01  2.960212e-01
 325  1.971045e-01  5.082641e-02  2.575174e-02  9.218045e+00  4.101289e-01  6.802062e-01  4.023158e-01
 326  1.601270e-01  2.711792e-02  4.785834e-03  9.213259e+00  4.100563e-01  6.888424e-01  5.266542e-01
 327  7.126865e-02  1.617051e-02  1.599662e-03  9.213259e+00  4.100563e-01  6.820037e-01  6.938690e-01
 328  2.052902e-02  6.928542e-03  4.114251e-04  9.212750e+00  4.099920e-01  6.884849e-01  9.226378e-01
 329  6.906029e-03  5.036646e-03  3.982000e-04  9.212750e+00  4.099920e-01  8.666466e-01  1.150891e-01
 330  1.148115e-02  1.197475e-02  1.894898e-03  9.212750e+00  4.099920e-01  8.837240e-01  2.061022e-01
 331  4.485106e-02  1.599214e-02  1.192284e-02  9.213259e+00  4.100563e-01  8.708570e-01  3.094652e-01
 332  3.307767e-02  2.226679e-02  4.331644e-03  9.208596e+00  4.100822e-01  8.819680e-01  4.040579e-01
 333  3.803049e-02  1.105788e-02  1.350609e-03  9.212750e+00  4.099920e-01  8.590401e-01  5.178942e-01
 334  1.455982e-02  8.026298e-03  4.726495e-04  9.208596e+00  4.100822e-01  8.481316e-01  6.961856e-01
 335  4.026628e-03  1.971646e-03  5.989430e-04  9.213259e+00  4.100563e-01  8.545865e-01  8.773544e-01
