#************************************************************************
# 
#    These are PRELIMINARY data from the HERMES Collaboration.
#    You are NOT permitted to use these data in any publication
#    without permission from the HERMES management
#    (management@hermes.desy.de).
# 
#    Furthermore, you must make a reference to the following preprint:
# 
#    A. Airapetian et al, arXiv:1212.5407v1 [hep-ex]
# 
#************************************************************************
# 
# pi- multiplicities from HERMES
# Configuration: zxpt-3D (x: 6, z: 8, Php: 7)
# Target: D
# Optional settings: VM subtracted
#
#  i          mult    stat (+/-)    syst (+/-)            Q2             x             z           Php
   0  3.889816e+00  4.910913e-02  5.273999e-01  1.250269e+00  3.752505e-02  1.519976e-01  1.107234e-01
   1  7.748350e+00  6.094666e-02  4.965339e-01  1.250269e+00  3.752505e-02  1.538399e-01  2.216789e-01
   2  8.614843e+00  5.956393e-02  8.337088e-01  1.250269e+00  3.752505e-02  1.552639e-01  3.270037e-01
   3  7.040695e+00  6.003686e-02  8.840889e-01  1.250269e+00  3.752505e-02  1.579656e-01  4.383999e-01
   4  4.358895e+00  5.104697e-02  5.434803e-01  1.250269e+00  3.752505e-02  1.600849e-01  5.774280e-01
   5  1.682686e+00  5.154773e-02  1.333441e-01  1.250269e+00  3.752505e-02  1.655780e-01  7.804701e-01
   6  3.464875e-01  5.680621e-02  2.738106e-02  1.250269e+00  3.752505e-02  1.708670e-01  1.042909e+00
   7  1.607095e+00  4.650115e-02  3.953339e-01  1.250269e+00  3.752505e-02  2.294398e-01  1.046564e-01
   8  3.595631e+00  6.425711e-02  5.176352e-01  1.250269e+00  3.752505e-02  2.334364e-01  2.130710e-01
   9  4.209695e+00  6.085733e-02  3.469731e-01  1.250269e+00  3.752505e-02  2.338915e-01  3.151613e-01
  10  3.815388e+00  5.256066e-02  2.744164e-01  1.250269e+00  3.752505e-02  2.369812e-01  4.228169e-01
  11  2.680225e+00  3.606551e-02  1.051149e-01  1.250269e+00  3.752505e-02  2.389495e-01  5.544828e-01
  12  1.189203e+00  2.417618e-02  6.813854e-02  1.250269e+00  3.752505e-02  2.429691e-01  7.408377e-01
  13  2.334719e-01  1.442555e-02  1.356958e-02  1.250269e+00  3.752505e-02  2.567773e-01  1.062438e+00
  14  1.025136e+00  3.856932e-02  2.832283e-01  1.250269e+00  3.752505e-02  2.779576e-01  1.028189e-01
  15  2.256821e+00  5.188435e-02  4.289485e-01  1.250269e+00  3.752505e-02  2.813551e-01  2.094052e-01
  16  2.766574e+00  5.440011e-02  3.513878e-01  1.250269e+00  3.752505e-02  2.854558e-01  3.148921e-01
  17  2.656528e+00  4.769571e-02  2.316405e-01  1.250269e+00  3.752505e-02  2.867932e-01  4.183916e-01
  18  2.039496e+00  3.164275e-02  1.762882e-01  1.250269e+00  3.752505e-02  2.880971e-01  5.462103e-01
  19  9.891488e-01  1.935470e-02  8.679153e-02  1.250269e+00  3.752505e-02  2.927297e-01  7.302418e-01
  20  2.338757e-01  8.750518e-03  2.067647e-02  1.250269e+00  3.752505e-02  3.002335e-01  1.017473e+00
  21  5.782864e-01  2.430481e-02  2.091688e-02  1.250269e+00  3.752505e-02  3.350010e-01  9.968262e-02
  22  1.322294e+00  3.356280e-02  2.971720e-01  1.250269e+00  3.752505e-02  3.420836e-01  2.091559e-01
  23  1.631438e+00  3.318264e-02  2.610995e-01  1.250269e+00  3.752505e-02  3.453460e-01  3.125743e-01
  24  1.690155e+00  3.202842e-02  2.000243e-01  1.250269e+00  3.752505e-02  3.481194e-01  4.149581e-01
  25  1.397402e+00  2.120535e-02  1.593483e-01  1.250269e+00  3.752505e-02  3.482111e-01  5.421360e-01
  26  7.250162e-01  1.259306e-02  8.317345e-02  1.250269e+00  3.752505e-02  3.552817e-01  7.274046e-01
  27  1.901313e-01  4.944713e-03  2.158460e-02  1.250269e+00  3.752505e-02  3.532729e-01  9.799376e-01
  28  3.514376e-01  1.682129e-02  1.078718e-02  1.250269e+00  3.752505e-02  4.229711e-01  9.769397e-02
  29  6.365048e-01  2.074331e-02  1.482885e-01  1.250269e+00  3.752505e-02  4.248118e-01  2.057207e-01
  30  8.563856e-01  2.129990e-02  1.442266e-01  1.250269e+00  3.752505e-02  4.272110e-01  3.059491e-01
  31  8.651826e-01  1.970612e-02  1.062194e-01  1.250269e+00  3.752505e-02  4.323345e-01  4.106602e-01
  32  7.579377e-01  1.451115e-02  8.709656e-02  1.250269e+00  3.752505e-02  4.366899e-01  5.410769e-01
  33  4.944455e-01  9.097682e-03  5.464257e-02  1.250269e+00  3.752505e-02  4.369640e-01  7.124313e-01
  34  1.414455e-01  3.324349e-03  1.557598e-02  1.250269e+00  3.752505e-02  4.390603e-01  9.649691e-01
  35  1.232447e-01  8.873673e-03  3.198370e-02  1.250269e+00  3.752505e-02  5.359247e-01  1.027273e-01
  36  3.064462e-01  1.239838e-02  5.729670e-02  1.250269e+00  3.752505e-02  5.355355e-01  2.064245e-01
  37  4.145124e-01  1.317584e-02  5.335861e-02  1.250269e+00  3.752505e-02  5.381569e-01  3.070614e-01
  38  5.003372e-01  1.324282e-02  4.234999e-02  1.250269e+00  3.752505e-02  5.390925e-01  4.061281e-01
  39  3.903489e-01  9.078228e-03  1.870321e-02  1.250269e+00  3.752505e-02  5.416997e-01  5.290748e-01
  40  2.674588e-01  6.280114e-03  1.702528e-02  1.250269e+00  3.752505e-02  5.446066e-01  7.038513e-01
  41  9.798154e-02  2.434599e-03  6.130236e-03  1.250269e+00  3.752505e-02  5.453021e-01  9.576247e-01
  42  6.226870e-02  3.663037e-03  2.313752e-03  1.250269e+00  3.752505e-02  6.985163e-01  1.005371e-01
  43  1.360194e-01  5.985859e-03  1.081429e-02  1.250269e+00  3.752505e-02  6.930747e-01  2.038712e-01
  44  1.800817e-01  6.092719e-03  2.515846e-02  1.250269e+00  3.752505e-02  6.970098e-01  3.017617e-01
  45  1.820676e-01  5.711466e-03  3.047235e-02  1.250269e+00  3.752505e-02  6.897106e-01  3.998223e-01
  46  1.486403e-01  3.996683e-03  3.001376e-02  1.250269e+00  3.752505e-02  6.895352e-01  5.214871e-01
  47  9.905781e-02  2.940560e-03  1.808040e-02  1.250269e+00  3.752505e-02  6.860287e-01  6.887810e-01
  48  4.133888e-02  1.301389e-03  7.529420e-03  1.250269e+00  3.752505e-02  6.878937e-01  9.637146e-01
  49  1.205099e-02  8.014334e-04  4.483348e-04  1.250269e+00  3.752505e-02  8.952616e-01  8.959930e-02
  50  1.836579e-02  1.223638e-03  1.449758e-03  1.250269e+00  3.752505e-02  8.861309e-01  2.027233e-01
  51  2.197301e-02  1.389430e-03  3.054188e-03  1.250269e+00  3.752505e-02  8.728642e-01  2.959061e-01
  52  1.940991e-02  1.693682e-03  3.262527e-03  1.250269e+00  3.752505e-02  8.771957e-01  3.962515e-01
  53  1.160850e-02  1.063907e-03  2.345193e-03  1.250269e+00  3.752505e-02  8.642742e-01  5.156239e-01
  54  1.264121e-02  1.083690e-03  2.304574e-03  1.250269e+00  3.752505e-02  8.684509e-01  6.885287e-01
  55  4.654635e-03  5.730672e-04  8.506838e-04  1.250269e+00  3.752505e-02  8.595152e-01  9.640249e-01
  56  3.622606e+00  4.245205e-02  5.307686e-01  1.517162e+00  6.102772e-02  1.437799e-01  1.047091e-01
  57  7.446036e+00  6.476754e-02  5.650650e-01  1.517162e+00  6.102772e-02  1.462320e-01  2.107146e-01
  58  8.001632e+00  6.397011e-02  4.309329e-01  1.517162e+00  6.102772e-02  1.480782e-01  3.118108e-01
  59  6.329238e+00  6.266484e-02  7.404927e-01  1.517162e+00  6.102772e-02  1.505657e-01  4.176236e-01
  60  3.790387e+00  5.328109e-02  4.693531e-01  1.517162e+00  6.102772e-02  1.522786e-01  5.501876e-01
  61  1.530243e+00  5.686156e-02  1.408588e-01  1.517162e+00  6.102772e-02  1.588141e-01  7.535266e-01
  62  2.906112e-01  5.491196e-02  2.666263e-02  1.517162e+00  6.102772e-02  1.683654e-01  1.000536e+00
  63  1.655250e+00  2.821462e-02  4.001477e-01  1.517162e+00  6.102772e-02  2.248749e-01  1.009056e-01
  64  3.517414e+00  5.098177e-02  5.442010e-01  1.517162e+00  6.102772e-02  2.257747e-01  2.052801e-01
  65  3.922698e+00  5.484278e-02  3.617622e-01  1.517162e+00  6.102772e-02  2.264727e-01  3.046094e-01
  66  3.628202e+00  4.926933e-02  1.809403e-01  1.517162e+00  6.102772e-02  2.285230e-01  4.070827e-01
  67  2.331667e+00  3.332788e-02  1.327128e-01  1.517162e+00  6.102772e-02  2.313980e-01  5.349709e-01
  68  9.379360e-01  2.361235e-02  4.301102e-02  1.517162e+00  6.102772e-02  2.354505e-01  7.176625e-01
  69  1.733317e-01  1.299324e-02  8.111654e-03  1.517162e+00  6.102772e-02  2.442352e-01  1.008097e+00
  70  1.122831e+00  2.341693e-02  3.228125e-01  1.517162e+00  6.102772e-02  2.740701e-01  1.014570e-01
  71  2.172378e+00  3.921053e-02  4.424117e-01  1.517162e+00  6.102772e-02  2.756408e-01  2.039610e-01
  72  2.507808e+00  4.490143e-02  3.513057e-01  1.517162e+00  6.102772e-02  2.766584e-01  3.041200e-01
  73  2.334497e+00  4.229407e-02  2.322913e-01  1.517162e+00  6.102772e-02  2.770903e-01  4.020601e-01
  74  1.722601e+00  2.751776e-02  1.698372e-01  1.517162e+00  6.102772e-02  2.788727e-01  5.280376e-01
  75  7.997166e-01  1.759542e-02  6.866541e-02  1.517162e+00  6.102772e-02  2.834146e-01  7.043677e-01
  76  1.592517e-01  7.620949e-03  1.371494e-02  1.517162e+00  6.102772e-02  2.866509e-01  9.684104e-01
  77  6.215281e-01  1.297836e-02  1.454009e-02  1.517162e+00  6.102772e-02  3.347103e-01  1.012641e-01
  78  1.298044e+00  2.350861e-02  3.091184e-01  1.517162e+00  6.102772e-02  3.360796e-01  2.045520e-01
  79  1.677923e+00  2.734418e-02  2.954877e-01  1.517162e+00  6.102772e-02  3.361253e-01  3.027410e-01
  80  1.625606e+00  2.868730e-02  2.142231e-01  1.517162e+00  6.102772e-02  3.382028e-01  4.037264e-01
  81  1.203904e+00  1.878561e-02  1.595208e-01  1.517162e+00  6.102772e-02  3.403774e-01  5.273330e-01
  82  6.316852e-01  1.137716e-02  7.379235e-02  1.517162e+00  6.102772e-02  3.430873e-01  6.991284e-01
  83  1.277916e-01  4.098498e-03  1.524815e-02  1.517162e+00  6.102772e-02  3.463134e-01  9.580948e-01
  84  3.166515e-01  7.754664e-03  8.247237e-03  1.517162e+00  6.102772e-02  4.191309e-01  1.023959e-01
  85  6.940484e-01  1.424024e-02  1.719538e-01  1.517162e+00  6.102772e-02  4.221143e-01  2.038299e-01
  86  8.573023e-01  1.663989e-02  1.582264e-01  1.517162e+00  6.102772e-02  4.223718e-01  3.029971e-01
  87  9.017543e-01  1.779129e-02  1.268483e-01  1.517162e+00  6.102772e-02  4.230443e-01  4.030850e-01
  88  7.447642e-01  1.317316e-02  1.015930e-01  1.517162e+00  6.102772e-02  4.245034e-01  5.267285e-01
  89  4.295477e-01  8.101062e-03  5.117595e-02  1.517162e+00  6.102772e-02  4.259355e-01  6.919364e-01
  90  1.048169e-01  2.784274e-03  1.253254e-02  1.517162e+00  6.102772e-02  4.332284e-01  9.550508e-01
  91  1.628747e-01  4.816128e-03  4.608379e-02  1.517162e+00  6.102772e-02  5.305340e-01  1.029542e-01
  92  3.357701e-01  8.765976e-03  7.047674e-02  1.517162e+00  6.102772e-02  5.320203e-01  2.042669e-01
  93  4.464745e-01  1.019166e-02  6.874263e-02  1.517162e+00  6.102772e-02  5.324957e-01  3.016223e-01
  94  4.795369e-01  1.064501e-02  5.130121e-02  1.517162e+00  6.102772e-02  5.343863e-01  4.010222e-01
  95  3.923101e-01  8.322849e-03  2.797961e-02  1.517162e+00  6.102772e-02  5.336413e-01  5.230483e-01
  96  2.554125e-01  5.770175e-03  1.811935e-02  1.517162e+00  6.102772e-02  5.351318e-01  6.953529e-01
  97  7.706026e-02  2.059795e-03  5.625103e-03  1.517162e+00  6.102772e-02  5.414289e-01  9.536027e-01
  98  6.542054e-02  2.161095e-03  3.690088e-03  1.517162e+00  6.102772e-02  6.926562e-01  1.008781e-01
  99  1.420603e-01  3.672431e-03  6.783665e-03  1.517162e+00  6.102772e-02  6.904875e-01  2.035933e-01
 100  1.898256e-01  4.390269e-03  1.832884e-02  1.517162e+00  6.102772e-02  6.888038e-01  3.027333e-01
 101  1.994775e-01  4.668799e-03  2.851093e-02  1.517162e+00  6.102772e-02  6.912678e-01  3.998414e-01
 102  1.675574e-01  3.612875e-03  2.870446e-02  1.517162e+00  6.102772e-02  6.872697e-01  5.216925e-01
 103  1.044202e-01  2.666288e-03  1.672457e-02  1.517162e+00  6.102772e-02  6.854906e-01  6.897080e-01
 104  3.690365e-02  1.125472e-03  5.902412e-03  1.517162e+00  6.102772e-02  6.816006e-01  9.456246e-01
 105  2.207040e-02  6.791329e-04  1.273712e-03  1.517162e+00  6.102772e-02  8.956445e-01  9.775300e-02
 106  3.296136e-02  1.088050e-03  1.641996e-03  1.517162e+00  6.102772e-02  8.864406e-01  2.011365e-01
 107  3.583237e-02  1.213801e-03  3.492356e-03  1.517162e+00  6.102772e-02  8.852771e-01  3.003517e-01
 108  3.250268e-02  1.311196e-03  4.653482e-03  1.517162e+00  6.102772e-02  8.718863e-01  3.978766e-01
 109  2.282129e-02  9.116978e-04  3.926467e-03  1.517162e+00  6.102772e-02  8.682351e-01  5.191970e-01
 110  1.234677e-02  7.088832e-04  1.986707e-03  1.517162e+00  6.102772e-02  8.645714e-01  6.839109e-01
 111  6.059675e-03  4.008417e-04  9.720029e-04  1.517162e+00  6.102772e-02  8.626914e-01  9.297149e-01
 112  3.544445e+00  4.472016e-02  5.495986e-01  1.834674e+00  9.568023e-02  1.405555e-01  1.022484e-01
 113  7.224847e+00  7.659991e-02  3.728427e-01  1.834674e+00  9.568023e-02  1.421647e-01  2.050908e-01
 114  7.492501e+00  7.594132e-02  2.979771e-01  1.834674e+00  9.568023e-02  1.444806e-01  3.045646e-01
 115  5.666891e+00  6.961672e-02  4.582578e-01  1.834674e+00  9.568023e-02  1.454129e-01  4.047121e-01
 116  3.307215e+00  5.721717e-02  4.081870e-01  1.834674e+00  9.568023e-02  1.460593e-01  5.297188e-01
 117  1.216208e+00  5.605038e-02  1.059405e-01  1.834674e+00  9.568023e-02  1.513125e-01  7.002521e-01
 118  1.556799e-01  3.617346e-02  1.367004e-02  1.834674e+00  9.568023e-02  1.701446e-01  9.606561e-01
 119  1.569471e+00  2.653229e-02  3.871762e-01  1.834674e+00  9.568023e-02  2.236371e-01  1.015195e-01
 120  3.292767e+00  5.277859e-02  5.361631e-01  1.834674e+00  9.568023e-02  2.237975e-01  2.043969e-01
 121  3.689096e+00  6.089680e-02  3.796298e-01  1.834674e+00  9.568023e-02  2.244707e-01  3.002356e-01
 122  3.259815e+00  5.430123e-02  1.843328e-01  1.834674e+00  9.568023e-02  2.249447e-01  4.007357e-01
 123  1.889905e+00  3.364798e-02  1.197354e-01  1.834674e+00  9.568023e-02  2.262679e-01  5.210609e-01
 124  7.701833e-01  2.309290e-02  3.669984e-02  1.834674e+00  9.568023e-02  2.289282e-01  6.978613e-01
 125  1.389307e-01  1.284969e-02  7.249390e-03  1.834674e+00  9.568023e-02  2.349258e-01  9.589039e-01
 126  1.052813e+00  2.002442e-02  4.127283e-02  1.834674e+00  9.568023e-02  2.731440e-01  1.000524e-01
 127  1.974094e+00  3.844719e-02  4.127689e-01  1.834674e+00  9.568023e-02  2.742014e-01  2.034315e-01
 128  2.504716e+00  4.826925e-02  3.668711e-01  1.834674e+00  9.568023e-02  2.744731e-01  3.014581e-01
 129  2.211609e+00  4.679511e-02  2.321513e-01  1.834674e+00  9.568023e-02  2.750155e-01  3.994343e-01
 130  1.533999e+00  2.833794e-02  1.208420e-01  1.834674e+00  9.568023e-02  2.758238e-01  5.195724e-01
 131  6.356130e-01  1.691987e-02  5.989451e-02  1.834674e+00  9.568023e-02  2.781068e-01  6.924650e-01
 132  1.271138e-01  7.412093e-03  1.220611e-02  1.834674e+00  9.568023e-02  2.873405e-01  9.629027e-01
 133  5.894106e-01  1.110464e-02  1.880465e-02  1.834674e+00  9.568023e-02  3.350187e-01  1.027658e-01
 134  1.366286e+00  2.257697e-02  3.370152e-01  1.834674e+00  9.568023e-02  3.337619e-01  2.024077e-01
 135  1.596493e+00  2.777835e-02  2.913893e-01  1.834674e+00  9.568023e-02  3.343155e-01  3.008084e-01
 136  1.528041e+00  3.021977e-02  2.113883e-01  1.834674e+00  9.568023e-02  3.365299e-01  4.004103e-01
 137  1.130992e+00  1.971639e-02  1.256461e-01  1.834674e+00  9.568023e-02  3.373386e-01  5.211182e-01
 138  5.120701e-01  1.078632e-02  6.408493e-02  1.834674e+00  9.568023e-02  3.389413e-01  6.871187e-01
 139  9.520504e-02  3.718968e-03  1.190178e-02  1.834674e+00  9.568023e-02  3.403500e-01  9.395465e-01
 140  3.250343e-01  7.135242e-03  7.516076e-03  1.834674e+00  9.568023e-02  4.197449e-01  1.015787e-01
 141  6.648856e-01  1.278723e-02  1.712066e-01  1.834674e+00  9.568023e-02  4.211993e-01  2.035669e-01
 142  8.784810e-01  1.666344e-02  1.724503e-01  1.834674e+00  9.568023e-02  4.205983e-01  3.018664e-01
 143  8.354998e-01  1.805010e-02  1.275413e-01  1.834674e+00  9.568023e-02  4.207448e-01  3.994426e-01
 144  6.883180e-01  1.383100e-02  8.565024e-02  1.834674e+00  9.568023e-02  4.224693e-01  5.212053e-01
 145  3.719089e-01  7.971961e-03  4.912958e-02  1.834674e+00  9.568023e-02  4.230292e-01  6.873688e-01
 146  7.559472e-02  2.491373e-03  1.004918e-02  1.834674e+00  9.568023e-02  4.278919e-01  9.344264e-01
 147  1.554307e-01  4.554871e-03  1.114842e-02  1.834674e+00  9.568023e-02  5.311440e-01  1.008320e-01
 148  3.562209e-01  8.332787e-03  7.310562e-02  1.834674e+00  9.568023e-02  5.304791e-01  2.015100e-01
 149  4.430427e-01  1.008765e-02  6.296279e-02  1.834674e+00  9.568023e-02  5.315282e-01  3.013297e-01
 150  4.578752e-01  1.136216e-02  4.531148e-02  1.834674e+00  9.568023e-02  5.320185e-01  4.000689e-01
 151  3.962289e-01  9.095667e-03  3.444377e-02  1.834674e+00  9.568023e-02  5.351060e-01  5.215305e-01
 152  2.265036e-01  6.139008e-03  1.612767e-02  1.834674e+00  9.568023e-02  5.348418e-01  6.872634e-01
 153  6.739458e-02  2.090819e-03  4.837237e-03  1.834674e+00  9.568023e-02  5.395787e-01  9.332190e-01
 154  7.711278e-02  2.518416e-03  4.005724e-03  1.834674e+00  9.568023e-02  6.966411e-01  1.025228e-01
 155  1.713440e-01  4.721409e-03  6.651321e-03  1.834674e+00  9.568023e-02  6.929334e-01  2.036861e-01
 156  2.021254e-01  5.311415e-03  1.951771e-02  1.834674e+00  9.568023e-02  6.948079e-01  3.003861e-01
 157  2.088587e-01  5.556516e-03  2.720537e-02  1.834674e+00  9.568023e-02  6.923470e-01  3.997635e-01
 158  1.793667e-01  4.377392e-03  2.937122e-02  1.834674e+00  9.568023e-02  6.904066e-01  5.209034e-01
 159  1.280712e-01  3.568463e-03  1.831350e-02  1.834674e+00  9.568023e-02  6.842413e-01  6.901865e-01
 160  3.983546e-02  1.367434e-03  5.723110e-03  1.834674e+00  9.568023e-02  6.837917e-01  9.257609e-01
 161  2.705711e-02  8.241114e-04  1.526372e-03  1.834674e+00  9.568023e-02  9.001180e-01  9.903951e-02
 162  6.073729e-02  1.866388e-03  2.615858e-03  1.834674e+00  9.568023e-02  8.947327e-01  2.001511e-01
 163  5.763119e-02  1.917315e-03  5.600560e-03  1.834674e+00  9.568023e-02  8.847846e-01  3.001287e-01
 164  4.780959e-02  1.859939e-03  6.239241e-03  1.834674e+00  9.568023e-02  8.813142e-01  3.958329e-01
 165  3.575876e-02  1.420278e-03  5.826430e-03  1.834674e+00  9.568023e-02  8.733491e-01  5.192597e-01
 166  1.426910e-02  8.512413e-04  2.045892e-03  1.834674e+00  9.568023e-02  8.609921e-01  6.857535e-01
 167  6.138371e-03  4.773391e-04  8.787764e-04  1.834674e+00  9.568023e-02  8.571117e-01  9.356890e-01
 168  3.546854e+00  5.386890e-02  4.648905e-01  2.882131e+00  1.519989e-01  1.398873e-01  1.012055e-01
 169  7.026419e+00  1.038278e-01  4.251926e-01  2.882131e+00  1.519989e-01  1.410735e-01  2.023477e-01
 170  7.200486e+00  1.083000e-01  6.051370e-01  2.882131e+00  1.519989e-01  1.417853e-01  2.996167e-01
 171  5.397284e+00  9.452105e-02  6.636539e-01  2.882131e+00  1.519989e-01  1.433500e-01  3.974894e-01
 172  3.143374e+00  7.289987e-02  4.337600e-01  2.882131e+00  1.519989e-01  1.436791e-01  5.179257e-01
 173  1.041114e+00  6.724270e-02  1.198821e-01  2.882131e+00  1.519989e-01  1.474840e-01  6.772763e-01
 174  1.569819e-01  4.690927e-02  1.861578e-02  2.883323e+00  1.520017e-01  1.561459e-01  8.816627e-01
 175  1.446701e+00  2.943569e-02  3.287397e-01  2.882131e+00  1.519989e-01  2.233437e-01  1.008904e-01
 176  3.144547e+00  6.247163e-02  4.533348e-01  2.882131e+00  1.519989e-01  2.228768e-01  2.017537e-01
 177  3.587426e+00  7.751248e-02  2.958437e-01  2.882131e+00  1.519989e-01  2.240126e-01  3.001192e-01
 178  3.034959e+00  7.243714e-02  1.106614e-01  2.882131e+00  1.519989e-01  2.244990e-01  3.997780e-01
 179  1.866132e+00  4.309131e-02  7.633081e-02  2.882131e+00  1.519989e-01  2.242700e-01  5.167295e-01
 180  7.005729e-01  2.845542e-02  1.898413e-02  2.882131e+00  1.519989e-01  2.255208e-01  6.870016e-01
 181  9.187730e-02  1.509804e-02  2.744223e-03  2.883323e+00  1.520017e-01  2.245824e-01  9.139569e-01
 182  9.743712e-01  2.265944e-02  2.667430e-01  2.882131e+00  1.519989e-01  2.736076e-01  1.004201e-01
 183  2.136756e+00  4.556191e-02  4.048186e-01  2.882131e+00  1.519989e-01  2.738908e-01  2.021673e-01
 184  2.261077e+00  5.659336e-02  2.883802e-01  2.882131e+00  1.519989e-01  2.735800e-01  3.008282e-01
 185  2.154153e+00  6.033203e-02  1.921031e-01  2.882131e+00  1.519989e-01  2.737956e-01  3.991061e-01
 186  1.392370e+00  3.713274e-02  1.261169e-01  2.882131e+00  1.519989e-01  2.745014e-01  5.166714e-01
 187  5.638412e-01  2.081120e-02  3.872793e-02  2.882131e+00  1.519989e-01  2.757778e-01  6.823514e-01
 188  9.910003e-02  8.429710e-03  6.830702e-03  2.882131e+00  1.519989e-01  2.797388e-01  9.382300e-01
 189  6.211833e-01  1.380912e-02  1.413908e-02  2.882131e+00  1.519989e-01  3.343603e-01  1.011510e-01
 190  1.304260e+00  2.516176e-02  3.006084e-01  2.882131e+00  1.519989e-01  3.346868e-01  2.033801e-01
 191  1.528721e+00  3.101995e-02  2.618272e-01  2.882131e+00  1.519989e-01  3.344515e-01  2.999965e-01
 192  1.478942e+00  3.668584e-02  1.852727e-01  2.882131e+00  1.519989e-01  3.351311e-01  3.991792e-01
 193  1.073711e+00  2.492764e-02  1.356215e-01  2.882131e+00  1.519989e-01  3.357879e-01  5.202722e-01
 194  4.830839e-01  1.363135e-02  5.095678e-02  2.882131e+00  1.519989e-01  3.364869e-01  6.811848e-01
 195  8.857141e-02  4.728102e-03  9.366733e-03  2.882131e+00  1.519989e-01  3.391250e-01  9.237612e-01
 196  3.120656e-01  8.146882e-03  5.735066e-03  2.882131e+00  1.519989e-01  4.196422e-01  1.019176e-01
 197  6.846957e-01  1.555392e-02  1.684772e-01  2.882131e+00  1.519989e-01  4.199596e-01  2.024109e-01
 198  8.093579e-01  1.861266e-02  1.495946e-01  2.882131e+00  1.519989e-01  4.201381e-01  3.008661e-01
 199  8.632567e-01  2.176292e-02  1.215380e-01  2.882131e+00  1.519989e-01  4.216214e-01  3.990520e-01
 200  6.815292e-01  1.674934e-02  9.409703e-02  2.882131e+00  1.519989e-01  4.203427e-01  5.200862e-01
 201  3.459748e-01  1.022674e-02  4.058384e-02  2.882131e+00  1.519989e-01  4.214382e-01  6.846083e-01
 202  7.187623e-02  3.014535e-03  8.508738e-03  2.882131e+00  1.519989e-01  4.240989e-01  9.296500e-01
 203  1.500629e-01  5.386323e-03  4.250082e-02  2.882131e+00  1.519989e-01  5.308327e-01  9.974532e-02
 204  3.215374e-01  9.874445e-03  6.830556e-02  2.882131e+00  1.519989e-01  5.300436e-01  2.037233e-01
 205  4.373340e-01  1.178482e-02  6.862228e-02  2.882131e+00  1.519989e-01  5.308199e-01  2.998932e-01
 206  4.219318e-01  1.289657e-02  4.730231e-02  2.882131e+00  1.519989e-01  5.309378e-01  3.991550e-01
 207  3.392535e-01  1.001583e-02  2.543841e-02  2.882131e+00  1.519989e-01  5.299453e-01  5.220738e-01
 208  2.025471e-01  7.192007e-03  1.367498e-02  2.882131e+00  1.519989e-01  5.341354e-01  6.856602e-01
 209  5.482119e-02  2.354711e-03  3.758317e-03  2.882131e+00  1.519989e-01  5.355733e-01  9.240201e-01
 210  6.595750e-02  3.223426e-03  3.725189e-03  2.882131e+00  1.519989e-01  6.920851e-01  1.003207e-01
 211  1.383333e-01  5.806718e-03  6.920550e-03  2.882131e+00  1.519989e-01  6.896588e-01  2.012125e-01
 212  1.767803e-01  6.679753e-03  1.826716e-02  2.882131e+00  1.519989e-01  6.887922e-01  3.007572e-01
 213  1.904580e-01  6.833788e-03  2.793993e-02  2.882131e+00  1.519989e-01  6.886512e-01  3.997642e-01
 214  1.578210e-01  5.052758e-03  2.878344e-02  2.882131e+00  1.519989e-01  6.875582e-01  5.230754e-01
 215  1.147413e-01  4.066649e-03  1.905929e-02  2.882131e+00  1.519989e-01  6.837874e-01  6.838177e-01
 216  3.493485e-02  1.559481e-03  5.776550e-03  2.882131e+00  1.519989e-01  6.873142e-01  9.346231e-01
 217  3.344888e-02  1.514889e-03  1.798305e-03  2.882131e+00  1.519989e-01  8.963962e-01  1.016864e-01
 218  6.366463e-02  2.871073e-03  3.159999e-03  2.882131e+00  1.519989e-01  8.889608e-01  1.993821e-01
 219  5.165318e-02  2.801847e-03  5.312973e-03  2.882131e+00  1.519989e-01  8.894068e-01  2.970469e-01
 220  4.860253e-02  2.762661e-03  7.126185e-03  2.882131e+00  1.519989e-01  8.807541e-01  3.982731e-01
 221  3.716798e-02  1.831964e-03  6.754019e-03  2.882131e+00  1.519989e-01  8.762816e-01  5.168078e-01
 222  1.787872e-02  1.234310e-03  2.960787e-03  2.882131e+00  1.519989e-01  8.652258e-01  6.810784e-01
 223  4.138691e-03  4.741292e-04  6.865576e-04  2.882131e+00  1.519989e-01  8.534248e-01  9.252413e-01
 224  3.241922e+00  8.788532e-02  2.361774e-01  5.223411e+00  2.530129e-01  1.395006e-01  1.014675e-01
 225  6.896370e+00  1.894441e-01  9.598164e-01  5.223411e+00  2.530129e-01  1.399749e-01  2.027109e-01
 226  7.108716e+00  2.176336e-01  1.354814e+00  5.223411e+00  2.530129e-01  1.416343e-01  2.994458e-01
 227  5.395169e+00  1.818942e-01  1.253588e+00  5.223411e+00  2.530129e-01  1.436054e-01  3.970902e-01
 228  3.135609e+00  1.245346e-01  8.468774e-01  5.223411e+00  2.530129e-01  1.432950e-01  5.160508e-01
 229  1.165148e+00  1.162706e-01  3.003455e-01  5.223411e+00  2.530129e-01  1.460519e-01  6.725504e-01
 230  8.072151e-02  1.031631e-01  1.143541e-02  5.221135e+00  2.530607e-01  1.587489e-01  9.124201e-01
 231  1.485195e+00  4.735404e-02  1.283715e-01  5.223411e+00  2.530129e-01  2.233545e-01  1.020104e-01
 232  2.994854e+00  9.433244e-02  8.312114e-02  5.223411e+00  2.530129e-01  2.236389e-01  2.030038e-01
 233  3.499012e+00  1.258851e-01  2.523298e-01  5.223411e+00  2.530129e-01  2.233206e-01  2.997642e-01
 234  3.058360e+00  1.310283e-01  3.368342e-01  5.223411e+00  2.530129e-01  2.235560e-01  3.962902e-01
 235  1.978039e+00  7.686755e-02  2.858580e-01  5.223411e+00  2.530129e-01  2.232339e-01  5.171401e-01
 236  8.223521e-01  4.946919e-02  1.110900e-01  5.223411e+00  2.530129e-01  2.246955e-01  6.824892e-01
 237  1.070507e-01  2.577672e-02  1.450436e-02  5.223411e+00  2.530129e-01  2.250512e-01  9.024505e-01
 238  9.357822e-01  3.741621e-02  1.178320e-01  5.223411e+00  2.530129e-01  2.727878e-01  1.004011e-01
 239  2.071786e+00  6.992015e-02  1.139110e-01  5.223411e+00  2.530129e-01  2.730542e-01  2.024239e-01
 240  2.417785e+00  8.897176e-02  6.977642e-02  5.223411e+00  2.530129e-01  2.737805e-01  2.993898e-01
 241  2.021503e+00  9.740425e-02  1.339019e-01  5.223411e+00  2.530129e-01  2.735902e-01  3.986939e-01
 242  1.608086e+00  6.850766e-02  1.574735e-01  5.223411e+00  2.530129e-01  2.743280e-01  5.177601e-01
 243  6.059677e-01  3.535964e-02  5.552932e-02  5.223411e+00  2.530129e-01  2.734017e-01  6.826585e-01
 244  1.052726e-01  1.439302e-02  9.395482e-03  5.223411e+00  2.530129e-01  2.753434e-01  9.192111e-01
 245  5.762606e-01  2.222885e-02  9.447765e-02  5.223411e+00  2.530129e-01  3.341569e-01  9.986429e-02
 246  1.131865e+00  3.917988e-02  1.004438e-01  5.223411e+00  2.530129e-01  3.340373e-01  2.028636e-01
 247  1.571365e+00  4.996260e-02  6.725382e-02  5.223411e+00  2.530129e-01  3.330417e-01  3.010536e-01
 248  1.562714e+00  5.637210e-02  5.103149e-02  5.223411e+00  2.530129e-01  3.342359e-01  3.993285e-01
 249  1.033226e+00  4.236288e-02  6.407306e-02  5.223411e+00  2.530129e-01  3.349098e-01  5.184466e-01
 250  5.961636e-01  2.621498e-02  4.811089e-02  5.223411e+00  2.530129e-01  3.360628e-01  6.837390e-01
 251  1.081643e-01  8.090606e-03  8.626908e-03  5.223411e+00  2.530129e-01  3.392237e-01  9.278642e-01
 252  2.841653e-01  1.322790e-02  5.195008e-02  5.223411e+00  2.530129e-01  4.198112e-01  9.967201e-02
 253  5.859313e-01  2.390839e-02  5.931327e-02  5.223411e+00  2.530129e-01  4.206323e-01  2.026882e-01
 254  7.776398e-01  2.996464e-02  3.924155e-02  5.223411e+00  2.530129e-01  4.187012e-01  3.005442e-01
 255  8.073745e-01  3.191523e-02  2.081020e-02  5.223411e+00  2.530129e-01  4.209265e-01  4.008244e-01
 256  6.450593e-01  2.497220e-02  3.529129e-02  5.223411e+00  2.530129e-01  4.198839e-01  5.218467e-01
 257  3.660587e-01  1.784356e-02  1.608327e-02  5.223411e+00  2.530129e-01  4.215252e-01  6.834361e-01
 258  8.605568e-02  5.775633e-03  4.127259e-03  5.223411e+00  2.530129e-01  4.214685e-01  9.160692e-01
 259  1.361795e-01  8.703974e-03  1.915921e-02  5.223411e+00  2.530129e-01  5.326375e-01  1.017679e-01
 260  2.974707e-01  1.646889e-02  1.872444e-02  5.223411e+00  2.530129e-01  5.275946e-01  2.038081e-01
 261  3.336514e-01  1.865178e-02  1.613270e-02  5.223411e+00  2.530129e-01  5.298844e-01  3.018900e-01
 262  3.842059e-01  2.085490e-02  3.130026e-02  5.223411e+00  2.530129e-01  5.294920e-01  3.995747e-01
 263  3.305259e-01  1.529062e-02  4.021870e-02  5.223411e+00  2.530129e-01  5.302242e-01  5.228330e-01
 264  1.966784e-01  1.137931e-02  1.925024e-02  5.223411e+00  2.530129e-01  5.313566e-01  6.882272e-01
 265  5.286705e-02  4.145719e-03  5.174569e-03  5.223411e+00  2.530129e-01  5.339252e-01  9.363833e-01
 266  5.360111e-02  4.808104e-03  5.810397e-03  5.223411e+00  2.530129e-01  6.921248e-01  9.785178e-02
 267  1.387481e-01  9.870317e-03  2.539517e-02  5.223411e+00  2.530129e-01  6.843604e-01  2.062039e-01
 268  1.474689e-01  1.135253e-02  3.742945e-02  5.223411e+00  2.530129e-01  6.895474e-01  3.021381e-01
 269  1.698826e-01  1.204837e-02  4.889136e-02  5.223411e+00  2.530129e-01  6.841163e-01  4.002593e-01
 270  1.393939e-01  8.291647e-03  4.087963e-03  5.223411e+00  2.530129e-01  6.833502e-01  5.207509e-01
 271  1.026166e-01  5.795010e-03  2.837428e-03  5.223411e+00  2.530129e-01  6.790957e-01  6.883197e-01
 272  2.764469e-02  2.288946e-03  7.800564e-04  5.223411e+00  2.530129e-01  6.802225e-01  9.371552e-01
 273  1.968692e-02  2.132792e-03  2.135460e-03  5.223411e+00  2.530129e-01  8.940915e-01  1.013489e-01
 274  5.119003e-02  4.641439e-03  9.391782e-03  5.223411e+00  2.530129e-01  8.877418e-01  2.012088e-01
 275  3.718989e-02  5.329545e-03  9.450144e-03  5.223411e+00  2.530129e-01  8.871996e-01  3.002519e-01
 276  4.355586e-02  5.264857e-03  1.252724e-02  5.223411e+00  2.530129e-01  8.790681e-01  3.978237e-01
 277  3.109634e-02  3.107951e-03  8.007598e-04  5.223411e+00  2.530129e-01  8.823027e-01  5.187418e-01
 278  1.850670e-02  2.015716e-03  4.604791e-04  5.223411e+00  2.530129e-01  8.594934e-01  6.913204e-01
 279  5.181791e-03  8.499224e-04  1.352026e-04  5.223411e+00  2.530129e-01  8.424172e-01  9.068809e-01
 280  3.416029e+00  3.295358e-01  2.121757e-01  9.202431e+00  4.090416e-01  1.369082e-01  9.838346e-02
 281  8.119788e+00  7.690213e-01  1.152176e+00  9.202431e+00  4.090416e-01  1.379328e-01  2.022862e-01
 282  7.799441e+00  8.743310e-01  1.521920e+00  9.202431e+00  4.090416e-01  1.408258e-01  2.997395e-01
 283  7.417342e+00  7.396767e-01  4.008179e-01  9.202431e+00  4.090416e-01  1.425035e-01  3.941221e-01
 284  3.778531e+00  4.520405e-01  1.024289e+00  9.202431e+00  4.090416e-01  1.428038e-01  5.195363e-01
 285  1.724288e+00  3.765750e-01  4.475677e-01  9.205912e+00  4.090672e-01  1.449783e-01  6.678339e-01
 286 -1.000000e+00  0.000000e+00 -2.598102e-01  9.199082e+00  4.088124e-01  1.608703e-01  8.622102e-01
 287  1.325116e+00  1.500879e-01  1.109198e-01  9.202431e+00  4.090416e-01  2.236064e-01  1.023126e-01
 288  3.060193e+00  2.870445e-01  7.545515e-02  9.202431e+00  4.090416e-01  2.239880e-01  2.065193e-01
 289  3.636582e+00  3.671898e-01  2.498856e-01  9.202431e+00  4.090416e-01  2.225732e-01  3.006084e-01
 290  3.113933e+00  3.814931e-01  3.355891e-01  9.202431e+00  4.090416e-01  2.256845e-01  3.944206e-01
 291  2.024265e+00  2.449113e-01  2.938993e-01  9.202431e+00  4.090416e-01  2.229812e-01  5.168924e-01
 292  6.702327e-01  1.257127e-01  9.150682e-02  9.202431e+00  4.090416e-01  2.222632e-01  6.844076e-01
 293  2.402112e-01  8.527133e-02  3.272497e-02  9.205912e+00  4.090672e-01  2.266035e-01  8.952120e-01
 294  9.393387e-01  1.229108e-01  1.178833e-01  9.202431e+00  4.090416e-01  2.724510e-01  9.819081e-02
 295  1.871385e+00  2.086512e-01  9.675466e-02  9.202431e+00  4.090416e-01  2.748857e-01  2.057923e-01
 296  3.314527e+00  3.064893e-01  9.532930e-02  9.202431e+00  4.090416e-01  2.739019e-01  3.035009e-01
 297  1.975063e+00  3.214063e-01  1.336028e-01  9.202431e+00  4.090416e-01  2.729581e-01  3.969603e-01
 298  1.907167e+00  2.320433e-01  1.862281e-01  9.202431e+00  4.090416e-01  2.720495e-01  5.184368e-01
 299  8.593034e-01  1.216657e-01  7.596749e-02  9.202431e+00  4.090416e-01  2.709011e-01  6.827231e-01
 300  1.586038e-01  4.766673e-02  1.426743e-02  9.205912e+00  4.090672e-01  2.709292e-01  9.013830e-01
 301  5.518773e-01  7.191476e-02  9.130979e-02  9.202431e+00  4.090416e-01  3.340928e-01  9.764513e-02
 302  1.151321e+00  1.337309e-01  1.053550e-01  9.202431e+00  4.090416e-01  3.307746e-01  2.044775e-01
 303  1.508392e+00  1.601259e-01  5.829472e-02  9.202431e+00  4.090416e-01  3.336343e-01  2.986955e-01
 304  1.625871e+00  1.850135e-01  5.224968e-02  9.202431e+00  4.090416e-01  3.361044e-01  3.975217e-01
 305  1.362117e+00  1.467514e-01  8.405886e-02  9.202431e+00  4.090416e-01  3.362661e-01  5.211664e-01
 306  5.361315e-01  8.304208e-02  4.387245e-02  9.202431e+00  4.090416e-01  3.369773e-01  6.757772e-01
 307  1.107776e-01  2.692875e-02  6.032914e-03  9.205912e+00  4.090672e-01  3.359412e-01  9.154175e-01
 308  2.502484e-01  4.421509e-02  4.787846e-02  9.205912e+00  4.090672e-01  4.206413e-01  9.966816e-02
 309  5.740838e-01  8.502131e-02  5.915142e-02  9.202431e+00  4.090416e-01  4.173804e-01  2.064214e-01
 310  7.739811e-01  9.920090e-02  3.739253e-02  9.202431e+00  4.090416e-01  4.175173e-01  3.000060e-01
 311  7.607527e-01  1.113730e-01  1.918030e-02  9.202431e+00  4.090416e-01  4.197367e-01  3.995759e-01
 312  5.939804e-01  7.980206e-02  3.420287e-02  9.202431e+00  4.090416e-01  4.222046e-01  5.233829e-01
 313  3.864311e-01  5.875087e-02  1.777092e-02  9.202431e+00  4.090416e-01  4.223165e-01  6.899190e-01
 314  6.381181e-02  1.807178e-02  2.947369e-03  9.202431e+00  4.090416e-01  4.155805e-01  9.218400e-01
 315  1.295977e-01  3.031658e-02  1.833347e-02  9.202431e+00  4.090416e-01  5.218567e-01  1.042481e-01
 316  3.031542e-01  5.784712e-02  1.928533e-02  9.202431e+00  4.090416e-01  5.276799e-01  2.053974e-01
 317  2.911002e-01  6.713416e-02  1.217868e-02  9.202431e+00  4.090416e-01  5.326319e-01  2.995284e-01
 318  4.208812e-01  7.779380e-02  3.505681e-02  9.202431e+00  4.090416e-01  5.328355e-01  3.954537e-01
 319  4.036503e-01  5.345548e-02  4.863480e-02  9.202431e+00  4.090416e-01  5.288742e-01  5.236783e-01
 320  2.280684e-01  3.535765e-02  2.188878e-02  9.202431e+00  4.090416e-01  5.276559e-01  6.927016e-01
 321  6.427387e-02  1.596775e-02  6.277915e-03  9.202431e+00  4.090416e-01  5.212196e-01  9.396567e-01
 322  5.099306e-02  1.688196e-02  5.539234e-03  9.205912e+00  4.090672e-01  6.893307e-01  1.023614e-01
 323  1.366800e-01  3.383930e-02  2.494739e-02  9.202431e+00  4.090416e-01  6.905665e-01  2.058563e-01
 324  1.872265e-01  4.370765e-02  4.752594e-02  9.202431e+00  4.090416e-01  6.784033e-01  3.015606e-01
 325  6.627504e-02  3.748824e-02  1.903976e-02  9.205912e+00  4.090672e-01  6.877325e-01  3.996063e-01
 326  1.429000e-01  2.567770e-02  4.079418e-03  9.202431e+00  4.090416e-01  6.893705e-01  5.195882e-01
 327  9.168628e-02  1.794775e-02  2.722037e-03  9.202431e+00  4.090416e-01  6.776399e-01  6.946619e-01
 328  3.322417e-02  7.653108e-03  1.197386e-03  9.205912e+00  4.090672e-01  6.826084e-01  9.193697e-01
 329  1.652661e-02  7.466865e-03  1.804393e-03  9.202431e+00  4.090416e-01  9.123915e-01  1.169092e-01
 330  2.518022e-02  1.357170e-02  4.632515e-03  9.202431e+00  4.090416e-01  8.886453e-01  2.038212e-01
 331  5.024746e-02  1.822849e-02  1.277117e-02  9.205912e+00  4.090672e-01  8.864427e-01  2.983058e-01
 332  1.567496e-02  2.253846e-02  4.822370e-04  9.206077e+00  4.092912e-01  8.604216e-01  4.042130e-01
 333  4.265636e-02  1.136554e-02  2.251455e-03  9.202431e+00  4.090416e-01  8.799911e-01  5.250620e-01
 334  2.124114e-02  8.020551e-03  1.204679e-03  9.205912e+00  4.090672e-01  8.690088e-01  6.909838e-01
 335  5.867724e-03  2.309472e-03  3.317465e-04  9.202431e+00  4.090416e-01  8.559905e-01  8.928465e-01
