#************************************************************************
# 
#    These are PRELIMINARY data from the HERMES Collaboration.
#    You are NOT permitted to use these data in any publication
#    without permission from the HERMES management
#    (management@hermes.desy.de).
# 
#    Furthermore, you must make a reference to the following preprint:
# 
#    A. Airapetian et al, arXiv:1212.5407v1 [hep-ex]
# 
#************************************************************************
# 
# K- multiplicities from HERMES
# Configuration: zxpt-3D (x: 6, z: 8, Php: 7)
# Target: H
# Optional settings: VM subtracted
#
#  i          mult    stat (+/-)    syst (+/-)            Q2             x             z           Php
   0  3.051428e-01  2.131771e-02  2.944266e-02  1.249727e+00  3.758844e-02  1.492554e-01  1.067939e-01
   1  6.212497e-01  2.676667e-02  3.197122e-02  1.249727e+00  3.758844e-02  1.511672e-01  2.135080e-01
   2  7.556105e-01  2.597213e-02  3.875802e-02  1.249727e+00  3.758844e-02  1.518241e-01  3.168185e-01
   3  6.751837e-01  2.674908e-02  2.986723e-02  1.249727e+00  3.758844e-02  1.519760e-01  4.237499e-01
   4  4.855115e-01  2.397416e-02  2.012344e-02  1.249727e+00  3.758844e-02  1.526828e-01  5.546972e-01
   5  1.755755e-01  2.318660e-02  5.411024e-03  1.249727e+00  3.758844e-02  1.557910e-01  7.346679e-01
   6  6.235925e-03  1.873490e-02  1.899785e-04  1.250026e+00  3.758863e-02  1.478494e-01  8.994808e-01
   7  1.464346e-01  1.829461e-02  5.096087e-03  1.249727e+00  3.758844e-02  2.296836e-01  1.042003e-01
   8  4.157178e-01  2.797490e-02  1.530398e-02  1.249727e+00  3.758844e-02  2.252717e-01  2.044803e-01
   9  4.338104e-01  2.633766e-02  1.213569e-02  1.249727e+00  3.758844e-02  2.328072e-01  3.144368e-01
  10  4.113761e-01  2.401234e-02  8.973832e-03  1.249727e+00  3.758844e-02  2.333894e-01  4.157519e-01
  11  2.917126e-01  1.527120e-02  8.502750e-03  1.249727e+00  3.758844e-02  2.332827e-01  5.441331e-01
  12  1.504128e-01  1.102287e-02  9.611508e-03  1.249727e+00  3.758844e-02  2.366520e-01  7.277577e-01
  13  4.087751e-02  8.478620e-03  2.569487e-03  1.250026e+00  3.758863e-02  2.470212e-01  1.029150e+00
  14  1.317094e-01  1.830143e-02  4.108744e-02  1.249727e+00  3.758844e-02  2.783266e-01  1.053194e-01
  15  2.525471e-01  2.096531e-02  7.898581e-02  1.249727e+00  3.758844e-02  2.760336e-01  2.048223e-01
  16  2.735238e-01  2.201517e-02  8.555072e-02  1.249727e+00  3.758844e-02  2.804486e-01  3.086946e-01
  17  2.798781e-01  1.903042e-02  8.765905e-02  1.249727e+00  3.758844e-02  2.769213e-01  4.040598e-01
  18  2.165856e-01  1.352227e-02  6.794763e-02  1.249727e+00  3.758844e-02  2.861604e-01  5.450003e-01
  19  1.141884e-01  8.822810e-03  3.576004e-02  1.249727e+00  3.758844e-02  2.950741e-01  7.434569e-01
  20  3.159921e-02  3.941496e-03  9.869250e-03  1.249727e+00  3.758844e-02  3.028500e-01  1.032690e+00
  21  9.868402e-02  1.160869e-02  3.074465e-02  1.249727e+00  3.758844e-02  3.341398e-01  1.031244e-01
  22  1.855191e-01  1.516143e-02  5.808128e-02  1.249727e+00  3.758844e-02  3.330176e-01  2.065466e-01
  23  2.073325e-01  1.522277e-02  6.558066e-02  1.249727e+00  3.758844e-02  3.361600e-01  3.011856e-01
  24  2.285973e-01  1.552070e-02  7.229719e-02  1.249727e+00  3.758844e-02  3.374240e-01  4.025565e-01
  25  1.761634e-01  9.527032e-03  5.566789e-02  1.249727e+00  3.758844e-02  3.482385e-01  5.371654e-01
  26  1.067075e-01  5.901460e-03  3.374104e-02  1.249727e+00  3.758844e-02  3.518247e-01  7.159694e-01
  27  3.095355e-02  2.333155e-03  9.794288e-03  1.249727e+00  3.758844e-02  3.400903e-01  9.523436e-01
  28  2.631454e-02  4.964748e-03  8.208744e-03  1.249727e+00  3.758844e-02  4.197386e-01  9.975717e-02
  29  1.032875e-01  9.430810e-03  3.233673e-02  1.249727e+00  3.758844e-02  4.231497e-01  2.061193e-01
  30  1.022641e-01  9.738658e-03  3.225842e-02  1.249727e+00  3.758844e-02  4.246884e-01  3.068754e-01
  31  1.264192e-01  1.056605e-02  3.990261e-02  1.249727e+00  3.758844e-02  4.282686e-01  4.066426e-01
  32  1.000381e-01  6.856543e-03  3.159712e-02  1.249727e+00  3.758844e-02  4.248708e-01  5.284098e-01
  33  7.127161e-02  4.394883e-03  2.254255e-02  1.249727e+00  3.758844e-02  4.255666e-01  6.994628e-01
  34  2.211698e-02  1.633531e-03  6.996545e-03  1.249727e+00  3.758844e-02  4.393389e-01  9.771653e-01
  35  1.971859e-02  3.796543e-03  6.152195e-03  1.249727e+00  3.758844e-02  5.439937e-01  1.020402e-01
  36  4.026968e-02  6.009596e-03  1.261574e-02  1.249727e+00  3.758844e-02  5.300007e-01  2.038667e-01
  37  5.724020e-02  5.741312e-03  1.808255e-02  1.249727e+00  3.758844e-02  5.381195e-01  3.049958e-01
  38  7.125490e-02  6.405019e-03  2.222765e-02  1.249727e+00  3.758844e-02  5.366275e-01  4.052781e-01
  39  5.865516e-02  5.189940e-03  1.830415e-02  1.249727e+00  3.758844e-02  5.511153e-01  5.459777e-01
  40  4.446404e-02  3.134609e-03  1.388094e-02  1.249727e+00  3.758844e-02  5.371943e-01  6.996341e-01
  41  1.521457e-02  1.199999e-03  4.748304e-03  1.249727e+00  3.758844e-02  5.328842e-01  9.503407e-01
  42  9.092980e-03  2.318662e-03  2.838869e-03  1.249727e+00  3.758844e-02  6.633625e-01  9.395251e-02
  43  1.408936e-02  2.878551e-03  4.411825e-03  1.249727e+00  3.758844e-02  6.630113e-01  2.084813e-01
  44  2.762247e-02  3.607855e-03  8.732905e-03  1.249727e+00  3.758844e-02  6.715729e-01  3.039108e-01
  45  2.577624e-02  3.843759e-03  8.150444e-03  1.249727e+00  3.758844e-02  6.689701e-01  3.984908e-01
  46  3.055738e-02  2.899744e-03  9.660121e-03  1.249727e+00  3.758844e-02  6.739905e-01  5.247764e-01
  47  1.593697e-02  1.767210e-03  5.037498e-03  1.249727e+00  3.758844e-02  7.008511e-01  7.128583e-01
  48  7.606474e-03  7.547121e-04  2.403903e-03  1.249727e+00  3.758844e-02  6.828211e-01  9.464150e-01
  49  1.412534e-03  7.410704e-04  4.464085e-04  1.249758e+00  3.759089e-02  9.155150e-01  9.770100e-02
  50  4.342076e-03  2.542182e-03  1.448433e-03  1.249727e+00  3.758844e-02  8.935554e-01  2.069148e-01
  51  3.071787e-03  2.023655e-03  1.089362e-03  1.249727e+00  3.758844e-02  8.564846e-01  2.742739e-01
  52  2.672226e-03  1.454638e-03  8.559471e-04  1.249727e+00  3.758844e-02  8.301383e-01  4.115356e-01
  53  1.170243e-03  7.967103e-04  4.841814e-04  1.250026e+00  3.758863e-02  8.779089e-01  5.346736e-01
  54  1.521717e-03  6.215035e-04  4.812724e-04  1.249727e+00  3.758844e-02  8.223271e-01  7.061202e-01
  55  1.491626e-04  1.447834e-04  4.788947e-05  1.249727e+00  3.758844e-02  8.467871e-01  9.375979e-01
  56  2.512684e-01  1.619252e-02  7.898001e-02  1.509975e+00  6.109764e-02  1.492598e-01  1.020480e-01
  57  6.049825e-01  2.594080e-02  1.899439e-01  1.509975e+00  6.109764e-02  1.476224e-01  2.106246e-01
  58  6.156010e-01  2.559293e-02  1.934014e-01  1.509975e+00  6.109764e-02  1.467307e-01  3.114991e-01
  59  5.614170e-01  2.699149e-02  1.764117e-01  1.509975e+00  6.109764e-02  1.476201e-01  4.145304e-01
  60  3.705084e-01  2.483881e-02  1.162309e-01  1.509975e+00  6.109764e-02  1.481190e-01  5.388836e-01
  61  1.615406e-01  2.508850e-02  5.030893e-02  1.509975e+00  6.109764e-02  1.621731e-01  7.628159e-01
  62  4.044413e-02  2.239141e-02  1.260172e-02  1.509975e+00  6.109764e-02  1.479451e-01  8.703318e-01
  63  1.689347e-01  1.246873e-02  5.287689e-02  1.509975e+00  6.109764e-02  2.238843e-01  1.006681e-01
  64  3.574788e-01  2.144720e-02  1.116515e-01  1.509975e+00  6.109764e-02  2.264974e-01  2.053739e-01
  65  3.791331e-01  2.265521e-02  1.181922e-01  1.509975e+00  6.109764e-02  2.254588e-01  3.010689e-01
  66  3.107014e-01  1.847416e-02  9.695258e-02  1.509975e+00  6.109764e-02  2.261709e-01  4.043359e-01
  67  2.353407e-01  1.366009e-02  7.346815e-02  1.509975e+00  6.109764e-02  2.291982e-01  5.299862e-01
  68  1.267176e-01  1.093609e-02  3.944513e-02  1.509975e+00  6.109764e-02  2.338568e-01  7.072354e-01
  69  3.358526e-02  8.095977e-03  1.044587e-02  1.509975e+00  6.109764e-02  2.434709e-01  1.001668e+00
  70  1.514336e-01  1.028870e-02  4.719148e-02  1.509975e+00  6.109764e-02  2.742173e-01  1.007008e-01
  71  2.444228e-01  1.703501e-02  7.633072e-02  1.509975e+00  6.109764e-02  2.774191e-01  2.063821e-01
  72  3.018973e-01  1.879318e-02  9.414170e-02  1.509975e+00  6.109764e-02  2.743660e-01  2.993615e-01
  73  2.056952e-01  1.517757e-02  6.404672e-02  1.509975e+00  6.109764e-02  2.744387e-01  3.994266e-01
  74  1.823928e-01  1.055753e-02  5.674601e-02  1.509975e+00  6.109764e-02  2.749392e-01  5.221433e-01
  75  1.156561e-01  7.863652e-03  3.599640e-02  1.509975e+00  6.109764e-02  2.805943e-01  7.038528e-01
  76  2.241419e-02  3.543155e-03  6.974138e-03  1.509975e+00  6.109764e-02  2.775784e-01  9.291415e-01
  77  7.643803e-02  5.238801e-03  2.379061e-02  1.509975e+00  6.109764e-02  3.375450e-01  1.003185e-01
  78  1.506163e-01  9.260586e-03  4.699591e-02  1.509975e+00  6.109764e-02  3.357696e-01  2.000436e-01
  79  2.022803e-01  1.122041e-02  6.297645e-02  1.509975e+00  6.109764e-02  3.347278e-01  3.010026e-01
  80  1.940501e-01  1.163279e-02  6.039557e-02  1.509975e+00  6.109764e-02  3.348516e-01  3.984915e-01
  81  1.412281e-01  7.458081e-03  4.396564e-02  1.509975e+00  6.109764e-02  3.359282e-01  5.215810e-01
  82  8.029161e-02  4.872229e-03  2.500301e-02  1.509975e+00  6.109764e-02  3.396904e-01  6.927139e-01
  83  1.918746e-02  1.848037e-03  5.969184e-03  1.509975e+00  6.109764e-02  3.415696e-01  9.446373e-01
  84  3.470099e-02  2.496069e-03  1.080438e-02  1.509975e+00  6.109764e-02  4.193486e-01  1.016518e-01
  85  8.757381e-02  5.568023e-03  2.728137e-02  1.509975e+00  6.109764e-02  4.187778e-01  2.009678e-01
  86  9.550757e-02  6.464879e-03  2.972586e-02  1.509975e+00  6.109764e-02  4.211061e-01  3.004836e-01
  87  1.204665e-01  7.574584e-03  3.745920e-02  1.509975e+00  6.109764e-02  4.242029e-01  4.034424e-01
  88  1.055784e-01  6.073320e-03  3.290265e-02  1.509975e+00  6.109764e-02  4.226999e-01  5.228931e-01
  89  5.424827e-02  3.425852e-03  1.692322e-02  1.509975e+00  6.109764e-02  4.242229e-01  6.863593e-01
  90  1.258222e-02  1.097363e-03  3.925110e-03  1.509975e+00  6.109764e-02  4.236738e-01  9.342186e-01
  91  1.645488e-02  1.636032e-03  5.122477e-03  1.509975e+00  6.109764e-02  5.265457e-01  9.995035e-02
  92  4.098911e-02  3.189482e-03  1.278169e-02  1.509975e+00  6.109764e-02  5.287194e-01  2.016547e-01
  93  5.167713e-02  3.787463e-03  1.609464e-02  1.509975e+00  6.109764e-02  5.316111e-01  2.985823e-01
  94  5.885885e-02  4.669737e-03  1.833661e-02  1.509975e+00  6.109764e-02  5.353619e-01  3.999102e-01
  95  4.931395e-02  3.482251e-03  1.536556e-02  1.509975e+00  6.109764e-02  5.333962e-01  5.266847e-01
  96  3.463922e-02  2.580961e-03  1.078822e-02  1.509975e+00  6.109764e-02  5.349133e-01  6.941130e-01
  97  1.084148e-02  8.462164e-04  3.377773e-03  1.509975e+00  6.109764e-02  5.319129e-01  9.362860e-01
  98  3.536141e-03  6.699872e-04  1.101106e-03  1.509975e+00  6.109764e-02  6.777912e-01  1.078804e-01
  99  1.173157e-02  1.589714e-03  3.656545e-03  1.509975e+00  6.109764e-02  6.762935e-01  2.089239e-01
 100  1.687660e-02  1.781561e-03  5.261714e-03  1.509975e+00  6.109764e-02  6.738632e-01  3.028470e-01
 101  2.312588e-02  2.342542e-03  7.213733e-03  1.509975e+00  6.109764e-02  6.816761e-01  4.077247e-01
 102  2.077713e-02  1.754019e-03  6.475342e-03  1.509975e+00  6.109764e-02  6.770180e-01  5.236745e-01
 103  1.398196e-02  1.253285e-03  4.353298e-03  1.509975e+00  6.109764e-02  6.740022e-01  6.951388e-01
 104  5.071582e-03  5.086025e-04  1.580805e-03  1.509975e+00  6.109764e-02  6.967789e-01  9.535198e-01
 105  9.204264e-04  2.872620e-04  2.890286e-04  1.509975e+00  6.109764e-02  8.698060e-01  9.936973e-02
 106  8.893345e-04  4.213145e-04  2.775570e-04  1.509975e+00  6.109764e-02  8.571986e-01  1.966608e-01
 107  1.523573e-03  6.017931e-04  4.773398e-04  1.509975e+00  6.109764e-02  8.428946e-01  3.075721e-01
 108  2.320957e-03  2.598011e-03  7.271623e-04  1.502036e+00  6.112206e-02  8.297156e-01  4.068963e-01
 109  2.433512e-03  5.764905e-04  7.760830e-04  1.511023e+00  6.109442e-02  8.480845e-01  5.142663e-01
 110  4.159189e-04  4.147038e-04  1.335835e-04  1.511798e+00  6.108317e-02  8.460156e-01  6.972378e-01
 111  3.974376e-04  1.335487e-04  1.267561e-04  1.509975e+00  6.109764e-02  8.403131e-01  9.651941e-01
 112  2.373578e-01  1.528134e-02  7.470366e-02  1.820673e+00  9.573812e-02  1.451718e-01  1.025363e-01
 113  4.689078e-01  2.484720e-02  1.475016e-01  1.820673e+00  9.573812e-02  1.454555e-01  2.044732e-01
 114  5.978433e-01  2.935103e-02  1.873779e-01  1.820673e+00  9.573812e-02  1.451145e-01  3.078340e-01
 115  5.449464e-01  3.107759e-02  1.707238e-01  1.820673e+00  9.573812e-02  1.430119e-01  4.045263e-01
 116  3.627840e-01  2.675023e-02  1.135801e-01  1.820673e+00  9.573812e-02  1.491362e-01  5.332243e-01
 117  1.408801e-01  2.414179e-02  4.396598e-02  1.823411e+00  9.574256e-02  1.584577e-01  7.161230e-01
 118  2.375853e-02  1.614010e-02  7.406081e-03  1.823411e+00  9.574256e-02  1.665824e-01  8.643343e-01
 119  1.468050e-01  9.477710e-03  4.597341e-02  1.820673e+00  9.573812e-02  2.242067e-01  1.019529e-01
 120  2.659907e-01  1.828358e-02  8.337304e-02  1.820673e+00  9.573812e-02  2.244728e-01  2.016218e-01
 121  2.770864e-01  1.914996e-02  8.663487e-02  1.820673e+00  9.573812e-02  2.249573e-01  2.992690e-01
 122  2.874696e-01  1.962624e-02  8.979551e-02  1.820673e+00  9.573812e-02  2.252307e-01  4.018241e-01
 123  1.985151e-01  1.354831e-02  6.192860e-02  1.820673e+00  9.573812e-02  2.261178e-01  5.252929e-01
 124  1.094951e-01  1.106523e-02  3.412527e-02  1.820673e+00  9.573812e-02  2.250983e-01  6.931523e-01
 125  1.143892e-02  5.036685e-03  3.562601e-03  1.820673e+00  9.573812e-02  2.479754e-01  9.800759e-01
 126  9.633186e-02  6.967694e-03  3.988209e-02  1.820673e+00  9.573812e-02  2.744976e-01  9.990658e-02
 127  1.988681e-01  1.354121e-02  8.225029e-02  1.820673e+00  9.573812e-02  2.732812e-01  2.026001e-01
 128  2.482336e-01  1.682752e-02  1.026611e-01  1.820673e+00  9.573812e-02  2.742311e-01  2.999881e-01
 129  2.060926e-01  1.588263e-02  8.523569e-02  1.820673e+00  9.573812e-02  2.768923e-01  4.002933e-01
 130  1.341317e-01  9.705600e-03  5.545625e-02  1.820673e+00  9.573812e-02  2.732640e-01  5.243805e-01
 131  6.180329e-02  6.758747e-03  2.553576e-02  1.820673e+00  9.573812e-02  2.800584e-01  6.989094e-01
 132  2.537305e-02  3.983506e-03  1.048141e-02  1.820673e+00  9.573812e-02  2.742844e-01  9.313301e-01
 133  6.864369e-02  4.171442e-03  2.835043e-02  1.820673e+00  9.573812e-02  3.357337e-01  1.007489e-01
 134  1.310484e-01  7.563113e-03  5.417084e-02  1.820673e+00  9.573812e-02  3.342927e-01  2.014334e-01
 135  1.379588e-01  8.743600e-03  5.700619e-02  1.820673e+00  9.573812e-02  3.339908e-01  2.980694e-01
 136  1.395508e-01  9.888258e-03  5.766834e-02  1.820673e+00  9.573812e-02  3.347228e-01  3.981788e-01
 137  1.038987e-01  6.731212e-03  4.293568e-02  1.820673e+00  9.573812e-02  3.375208e-01  5.242768e-01
 138  5.247801e-02  3.947163e-03  2.169165e-02  1.820673e+00  9.573812e-02  3.350132e-01  6.826733e-01
 139  1.671875e-02  1.837235e-03  6.902608e-03  1.820673e+00  9.573812e-02  3.391208e-01  9.468435e-01
 140  3.059394e-02  2.123304e-03  1.262785e-02  1.820673e+00  9.573812e-02  4.212897e-01  1.012014e-01
 141  6.281493e-02  4.090136e-03  2.593471e-02  1.820673e+00  9.573812e-02  4.227198e-01  1.993473e-01
 142  7.287131e-02  5.011812e-03  3.008403e-02  1.820673e+00  9.573812e-02  4.206506e-01  3.008189e-01
 143  7.494463e-02  6.046320e-03  3.094708e-02  1.820673e+00  9.573812e-02  4.223019e-01  4.001168e-01
 144  7.403083e-02  5.063122e-03  3.054666e-02  1.820673e+00  9.573812e-02  4.242740e-01  5.257891e-01
 145  4.529265e-02  3.135184e-03  1.871326e-02  1.820673e+00  9.573812e-02  4.174333e-01  6.838923e-01
 146  1.097095e-02  1.094833e-03  4.530148e-03  1.820673e+00  9.573812e-02  4.299427e-01  9.473325e-01
 147  1.821040e-02  1.589706e-03  7.517819e-03  1.820673e+00  9.573812e-02  5.312379e-01  1.013388e-01
 148  3.976199e-02  2.884766e-03  1.642174e-02  1.820673e+00  9.573812e-02  5.323650e-01  2.061018e-01
 149  4.570994e-02  3.453955e-03  1.887757e-02  1.820673e+00  9.573812e-02  5.310740e-01  3.025776e-01
 150  4.516491e-02  3.841124e-03  1.867254e-02  1.820673e+00  9.573812e-02  5.337851e-01  4.032605e-01
 151  4.374956e-02  3.236419e-03  1.809112e-02  1.820673e+00  9.573812e-02  5.306102e-01  5.228546e-01
 152  2.341061e-02  2.171019e-03  9.672576e-03  1.820673e+00  9.573812e-02  5.340441e-01  6.945629e-01
 153  7.371759e-03  6.810273e-04  3.042360e-03  1.820673e+00  9.573812e-02  5.353220e-01  9.354354e-01
 154  4.731665e-03  7.117560e-04  1.952557e-03  1.820673e+00  9.573812e-02  6.755357e-01  9.954655e-02
 155  1.349306e-02  1.469443e-03  5.570435e-03  1.820673e+00  9.573812e-02  6.719903e-01  1.984368e-01
 156  1.735030e-02  1.871731e-03  7.165755e-03  1.820673e+00  9.573812e-02  6.809699e-01  3.006700e-01
 157  1.551211e-02  1.801747e-03  6.407029e-03  1.820673e+00  9.573812e-02  6.781488e-01  4.021186e-01
 158  1.560167e-02  1.486469e-03  6.444864e-03  1.820673e+00  9.573812e-02  6.685182e-01  5.208586e-01
 159  1.178393e-02  1.278901e-03  4.864557e-03  1.820673e+00  9.573812e-02  6.812972e-01  6.952959e-01
 160  3.327204e-03  4.022414e-04  1.373577e-03  1.820673e+00  9.573812e-02  6.929391e-01  9.282557e-01
 161  3.175559e-04  2.392453e-04  1.330626e-04  1.820673e+00  9.573812e-02  8.582691e-01  7.445718e-02
 162  1.217546e-04  3.470209e-04  5.209082e-05  1.823411e+00  9.574256e-02  8.494198e-01  2.045979e-01
 163  9.985489e-04  4.877807e-04  4.134342e-04  1.820673e+00  9.573812e-02  8.565529e-01  2.926798e-01
 164  8.291723e-04  4.327277e-04  3.430391e-04  1.820673e+00  9.573812e-02  8.376576e-01  3.918797e-01
 165  7.481576e-04  3.201258e-04  3.096596e-04  1.820673e+00  9.573812e-02  8.375070e-01  5.387003e-01
 166  6.416836e-04  3.034697e-04  2.868038e-04  1.820673e+00  9.573812e-02  8.413649e-01  6.492202e-01
 167  3.958443e-05  2.390181e-04  1.769246e-05  1.799927e+00  9.570443e-02  8.256312e-01  1.061229e+00
 168  2.415239e-01  1.854422e-02  1.002489e-01  2.875440e+00  1.522067e-01  1.425549e-01  1.008892e-01
 169  3.912690e-01  3.290965e-02  1.626644e-01  2.875440e+00  1.522067e-01  1.441586e-01  2.073351e-01
 170  5.213266e-01  4.155654e-02  2.163007e-01  2.875440e+00  1.522067e-01  1.430351e-01  2.996036e-01
 171  5.175719e-01  4.209068e-02  2.147386e-01  2.875440e+00  1.522067e-01  1.429807e-01  3.953379e-01
 172  3.665007e-01  3.628585e-02  1.519184e-01  2.875440e+00  1.522067e-01  1.463551e-01  5.190304e-01
 173  1.123516e-01  2.930184e-02  4.652030e-02  2.875440e+00  1.522067e-01  1.722199e-01  7.700036e-01
 174  4.801506e-02  2.759735e-02  1.984979e-02  2.877344e+00  1.522273e-01  1.604950e-01  8.445152e-01
 175  1.199778e-01  1.069045e-02  4.966072e-02  2.875440e+00  1.522067e-01  2.238266e-01  9.747566e-02
 176  2.707783e-01  2.040623e-02  1.120062e-01  2.875440e+00  1.522067e-01  2.241003e-01  2.028451e-01
 177  2.439242e-01  2.373849e-02  1.010092e-01  2.875440e+00  1.522067e-01  2.247927e-01  2.958541e-01
 178  1.879131e-01  2.295277e-02  7.785447e-02  2.875440e+00  1.522067e-01  2.210471e-01  4.026856e-01
 179  1.990515e-01  1.922464e-02  8.239188e-02  2.875440e+00  1.522067e-01  2.238442e-01  5.169893e-01
 180  1.140607e-01  1.554075e-02  4.716372e-02  2.875440e+00  1.522067e-01  2.237315e-01  6.881755e-01
 181  3.199738e-02  1.338454e-02  1.323081e-02  2.868760e+00  1.521734e-01  2.220674e-01  9.528564e-01
 182  1.119820e-01  8.181351e-03  4.632689e-02  2.875440e+00  1.522067e-01  2.730508e-01  1.011666e-01
 183  1.521490e-01  1.424913e-02  6.296405e-02  2.875440e+00  1.522067e-01  2.743416e-01  2.011254e-01
 184  2.034203e-01  1.884062e-02  8.412236e-02  2.875440e+00  1.522067e-01  2.729768e-01  3.010132e-01
 185  1.659843e-01  1.888868e-02  6.867748e-02  2.875440e+00  1.522067e-01  2.745637e-01  4.010600e-01
 186  1.688351e-01  1.537718e-02  6.985562e-02  2.875440e+00  1.522067e-01  2.761859e-01  5.233963e-01
 187  9.552439e-02  1.071024e-02  3.950338e-02  2.875440e+00  1.522067e-01  2.722677e-01  6.891481e-01
 188  1.425151e-02  4.242831e-03  5.897446e-03  2.875440e+00  1.522067e-01  2.737286e-01  9.150389e-01
 189  5.297657e-02  4.148318e-03  2.190944e-02  2.875440e+00  1.522067e-01  3.338134e-01  1.006145e-01
 190  1.130506e-01  8.077525e-03  4.672105e-02  2.875440e+00  1.522067e-01  3.340600e-01  1.988228e-01
 191  1.381620e-01  1.044355e-02  5.709845e-02  2.875440e+00  1.522067e-01  3.336180e-01  3.014286e-01
 192  1.357145e-01  1.199524e-02  5.608335e-02  2.875440e+00  1.522067e-01  3.359895e-01  3.987591e-01
 193  8.906072e-02  8.436010e-03  3.682340e-02  2.875440e+00  1.522067e-01  3.336727e-01  5.174328e-01
 194  5.299726e-02  5.178216e-03  2.190427e-02  2.875440e+00  1.522067e-01  3.383571e-01  6.880977e-01
 195  2.099111e-02  2.726082e-03  8.673062e-03  2.875440e+00  1.522067e-01  3.326142e-01  9.258956e-01
 196  2.647819e-02  2.467375e-03  1.093745e-02  2.875440e+00  1.522067e-01  4.164038e-01  1.018516e-01
 197  5.724710e-02  4.545468e-03  2.366288e-02  2.875440e+00  1.522067e-01  4.197689e-01  2.094188e-01
 198  8.450084e-02  6.362850e-03  3.492132e-02  2.875440e+00  1.522067e-01  4.200656e-01  3.002419e-01
 199  8.723257e-02  7.501793e-03  3.602599e-02  2.875440e+00  1.522067e-01  4.245162e-01  3.995505e-01
 200  7.243177e-02  5.971233e-03  2.992291e-02  2.875440e+00  1.522067e-01  4.206730e-01  5.228650e-01
 201  3.271330e-02  3.363260e-03  1.352059e-02  2.875440e+00  1.522067e-01  4.219722e-01  6.826306e-01
 202  8.600511e-03  1.254736e-03  3.553446e-03  2.875440e+00  1.522067e-01  4.441058e-01  9.715501e-01
 203  1.007568e-02  1.387530e-03  4.162175e-03  2.875440e+00  1.522067e-01  5.292484e-01  1.016689e-01
 204  2.777332e-02  2.713729e-03  1.147731e-02  2.875440e+00  1.522067e-01  5.260571e-01  2.032329e-01
 205  3.122626e-02  3.591088e-03  1.289774e-02  2.875440e+00  1.522067e-01  5.281966e-01  2.988398e-01
 206  4.076022e-02  4.167787e-03  1.683548e-02  2.875440e+00  1.522067e-01  5.261356e-01  3.993848e-01
 207  3.005990e-02  3.463087e-03  1.242339e-02  2.875440e+00  1.522067e-01  5.309480e-01  5.238630e-01
 208  2.190804e-02  2.545455e-03  9.056016e-03  2.875440e+00  1.522067e-01  5.322538e-01  6.913832e-01
 209  6.643989e-03  8.982091e-04  2.746079e-03  2.875440e+00  1.522067e-01  5.332202e-01  9.170193e-01
 210  4.962828e-03  8.750036e-04  2.051362e-03  2.875440e+00  1.522067e-01  6.753768e-01  1.039903e-01
 211  8.758482e-03  1.709644e-03  3.619527e-03  2.875440e+00  1.522067e-01  6.725591e-01  2.058421e-01
 212  1.098905e-02  1.879853e-03  4.538253e-03  2.875440e+00  1.522067e-01  6.787273e-01  2.988670e-01
 213  1.523055e-02  2.312305e-03  6.293263e-03  2.875440e+00  1.522067e-01  6.767450e-01  3.985689e-01
 214  1.213847e-02  1.585436e-03  5.011100e-03  2.875440e+00  1.522067e-01  6.678610e-01  5.241894e-01
 215  1.113942e-02  1.380596e-03  4.598461e-03  2.875440e+00  1.522067e-01  6.659151e-01  6.857730e-01
 216  3.126663e-03  4.987895e-04  1.290801e-03  2.875440e+00  1.522067e-01  6.670897e-01  9.370713e-01
 217  9.547081e-04  4.997223e-04  3.941385e-04  2.871010e+00  1.522091e-01  8.489674e-01  8.439788e-02
 218  3.360361e-04  6.020740e-04  1.399288e-04  2.882619e+00  1.522425e-01  8.487026e-01  2.387069e-01
 219  2.548059e-03  7.320725e-04  1.052576e-03  2.877344e+00  1.522273e-01  8.415365e-01  3.161881e-01
 220  0.000000e+00  0.000000e+00  0.000000e+00  0.000000e+00  0.000000e+00  0.000000e+00  0.000000e+00
 221  5.538598e-04  3.045659e-04  2.292560e-04  2.875440e+00  1.522067e-01  8.393389e-01  5.263519e-01
 222  3.002837e-04  2.738479e-04  1.242897e-04  2.878411e+00  1.522051e-01  8.097043e-01  6.710101e-01
 223  2.128357e-04  1.065198e-04  8.802544e-05  2.875440e+00  1.522067e-01  8.113595e-01  9.338041e-01
 224  2.438972e-01  3.107849e-02  1.014550e-01  5.241270e+00  2.538812e-01  1.476704e-01  1.008945e-01
 225  4.597808e-01  6.862402e-02  1.913827e-01  5.241270e+00  2.538812e-01  1.398234e-01  2.024738e-01
 226  4.651169e-01  8.479683e-02  1.934640e-01  5.241270e+00  2.538812e-01  1.454086e-01  2.956422e-01
 227  5.999563e-01  9.484466e-02  2.495983e-01  5.241270e+00  2.538812e-01  1.422913e-01  4.037770e-01
 228  3.998840e-01  7.400960e-02  1.659404e-01  5.241270e+00  2.538812e-01  1.435285e-01  5.283703e-01
 229  1.152841e-01  5.924583e-02  4.768713e-02  5.242325e+00  2.539186e-01  1.508781e-01  6.690176e-01
 230  0.000000e+00  0.000000e+00  0.000000e+00  0.000000e+00  0.000000e+00  0.000000e+00  0.000000e+00
 231  1.048945e-01  1.520345e-02  4.348697e-02  5.241270e+00  2.538812e-01  2.213635e-01  1.024848e-01
 232  2.806172e-01  3.442609e-02  1.161726e-01  5.241270e+00  2.538812e-01  2.236404e-01  1.974662e-01
 233  3.780179e-01  4.910156e-02  1.566251e-01  5.241270e+00  2.538812e-01  2.236731e-01  2.993815e-01
 234  2.379086e-01  4.781552e-02  9.865530e-02  5.241270e+00  2.538812e-01  2.243396e-01  4.015828e-01
 235  2.192179e-01  3.678742e-02  9.083032e-02  5.241270e+00  2.538812e-01  2.229778e-01  5.239053e-01
 236  1.251054e-01  2.861832e-02  5.182283e-02  5.241270e+00  2.538812e-01  2.240558e-01  6.887055e-01
 237  8.238811e-02  2.409918e-02  3.405907e-02  5.242325e+00  2.539186e-01  2.208767e-01  9.272516e-01
 238  8.497109e-02  1.192006e-02  3.512548e-02  5.241270e+00  2.538812e-01  2.750901e-01  1.037600e-01
 239  2.044894e-01  2.348254e-02  8.460021e-02  5.241270e+00  2.538812e-01  2.710074e-01  2.009257e-01
 240  2.107617e-01  3.014963e-02  8.718531e-02  5.241270e+00  2.538812e-01  2.745984e-01  3.033512e-01
 241  1.930998e-01  3.652617e-02  8.006133e-02  5.241270e+00  2.538812e-01  2.741351e-01  3.965852e-01
 242  1.331619e-01  2.593825e-02  5.506095e-02  5.241270e+00  2.538812e-01  2.727041e-01  5.129933e-01
 243  8.202302e-02  1.784753e-02  3.391748e-02  5.241270e+00  2.538812e-01  2.746700e-01  6.892630e-01
 244  2.932002e-02  8.626179e-03  1.213071e-02  5.241270e+00  2.538812e-01  2.770640e-01  9.151655e-01
 245  5.022545e-02  6.419595e-03  2.075603e-02  5.241270e+00  2.538812e-01  3.317847e-01  9.977902e-02
 246  9.780151e-02  1.227611e-02  4.043547e-02  5.241270e+00  2.538812e-01  3.334480e-01  2.030267e-01
 247  1.485949e-01  1.695681e-02  6.147261e-02  5.241270e+00  2.538812e-01  3.336623e-01  2.996741e-01
 248  1.528344e-01  2.004386e-02  6.318538e-02  5.241270e+00  2.538812e-01  3.338025e-01  3.958785e-01
 249  1.074502e-01  1.580893e-02  4.443363e-02  5.241270e+00  2.538812e-01  3.336032e-01  5.192389e-01
 250  5.115507e-02  9.921844e-03  2.116146e-02  5.241270e+00  2.538812e-01  3.339225e-01  6.732458e-01
 251  1.270352e-02  3.744445e-03  5.249244e-03  5.241270e+00  2.538812e-01  3.371764e-01  9.226278e-01
 252  2.074959e-02  3.773111e-03  8.565400e-03  5.242325e+00  2.539186e-01  4.157927e-01  1.018570e-01
 253  5.901026e-02  7.499115e-03  2.436158e-02  5.241270e+00  2.538812e-01  4.216570e-01  2.001589e-01
 254  8.663160e-02  1.024024e-02  3.576226e-02  5.241270e+00  2.538812e-01  4.187416e-01  3.027017e-01
 255  6.818507e-02  1.126479e-02  2.815994e-02  5.241270e+00  2.538812e-01  4.235869e-01  4.013948e-01
 256  7.144208e-02  8.894581e-03  2.953679e-02  5.241270e+00  2.538812e-01  4.196308e-01  5.257481e-01
 257  3.423802e-02  6.343060e-03  1.414267e-02  5.241270e+00  2.538812e-01  4.178585e-01  6.959576e-01
 258  1.087394e-02  2.364533e-03  4.490678e-03  5.241270e+00  2.538812e-01  4.283490e-01  9.449192e-01
 259  9.214767e-03  2.103979e-03  3.804199e-03  5.241270e+00  2.538812e-01  5.284544e-01  9.009347e-02
 260  2.744612e-02  4.532302e-03  1.133256e-02  5.241270e+00  2.538812e-01  5.334376e-01  2.076900e-01
 261  1.988582e-02  4.942391e-03  8.206085e-03  5.241270e+00  2.538812e-01  5.302989e-01  3.088832e-01
 262  4.048767e-02  6.551063e-03  1.671719e-02  5.241270e+00  2.538812e-01  5.323913e-01  4.007685e-01
 263  3.995017e-02  5.212180e-03  1.651202e-02  5.241270e+00  2.538812e-01  5.286217e-01  5.203141e-01
 264  2.085396e-02  4.105893e-03  8.618425e-03  5.241270e+00  2.538812e-01  5.321370e-01  6.878159e-01
 265  7.373771e-03  1.815858e-03  3.048427e-03  5.241270e+00  2.538812e-01  5.376089e-01  9.197277e-01
 266  2.490632e-03  1.166157e-03  1.029271e-03  5.241270e+00  2.538812e-01  7.027035e-01  1.067801e-01
 267  2.924990e-03  2.259799e-03  1.241196e-03  5.242325e+00  2.539186e-01  6.839010e-01  2.044649e-01
 268  1.411546e-02  3.416341e-03  5.830430e-03  5.241270e+00  2.538812e-01  6.782223e-01  3.018862e-01
 269  8.205741e-03  3.112622e-03  3.392797e-03  5.241270e+00  2.538812e-01  6.614784e-01  3.969303e-01
 270  9.904098e-03  2.205958e-03  4.092191e-03  5.241270e+00  2.538812e-01  6.526544e-01  5.164821e-01
 271  7.487950e-03  1.636137e-03  3.090546e-03  5.241270e+00  2.538812e-01  6.858085e-01  6.699957e-01
 272  9.735327e-04  5.950093e-04  4.018383e-04  5.241270e+00  2.538812e-01  6.606261e-01  9.404935e-01
 273  1.457472e-04  3.632607e-04  6.191154e-05  5.242325e+00  2.539186e-01  8.860594e-01  7.168479e-02
 274  1.878978e-03  1.626191e-03  7.981659e-04  5.235876e+00  2.538119e-01  8.541873e-01  1.967335e-01
 275  1.619964e-03  1.040130e-03  6.700315e-04  5.241270e+00  2.538812e-01  8.642620e-01  3.009145e-01
 276  5.659894e-04  1.615570e-03  2.340982e-04  5.233271e+00  2.535978e-01  9.481632e-01  4.068753e-01
 277  4.290461e-04  6.905526e-04  1.772973e-04  5.244379e+00  2.538859e-01  9.147403e-01  4.828741e-01
 278  5.728531e-04  4.543108e-04  2.367235e-04  5.235876e+00  2.538119e-01  8.380262e-01  6.978765e-01
 279  2.673039e-04  1.598351e-04  1.103738e-04  5.241270e+00  2.538812e-01  8.611745e-01  9.233078e-01
 280  2.025434e-01  1.111775e-01  8.397348e-02  9.213259e+00  4.100563e-01  1.534751e-01  5.684586e-02
 281  2.595773e-01  2.841249e-01  1.103419e-01  9.218045e+00  4.101289e-01  1.311618e-01  1.846240e-01
 282  5.723086e-01  4.795900e-01  2.414266e-01  9.218045e+00  4.101289e-01  1.454764e-01  2.805610e-01
 283  0.000000e+00  0.000000e+00  0.000000e+00  0.000000e+00  0.000000e+00  0.000000e+00  0.000000e+00
 284  1.751280e-01  2.599553e-01  7.432997e-02  9.218045e+00  4.101289e-01  1.313407e-01  5.290404e-01
 285  9.278731e-01  4.087022e-01  3.879051e-01  9.218045e+00  4.101289e-01  1.603639e-01  6.961333e-01
 286  0.000000e+00  0.000000e+00  0.000000e+00  0.000000e+00  0.000000e+00  0.000000e+00  0.000000e+00
 287  1.376573e-01  5.854761e-02  5.692701e-02  9.213259e+00  4.100563e-01  2.246767e-01  8.470924e-02
 288  3.464469e-01  1.080875e-01  1.472726e-01  9.213259e+00  4.100563e-01  2.260535e-01  1.933793e-01
 289  1.820836e-01  1.751858e-01  7.643960e-02  9.212750e+00  4.099920e-01  2.237138e-01  2.826462e-01
 290  2.598714e-01  1.935510e-01  1.078954e-01  9.218045e+00  4.101289e-01  2.139999e-01  4.227860e-01
 291  1.516848e-01  1.000638e-01  6.340799e-02  9.213259e+00  4.100563e-01  2.305079e-01  5.145152e-01
 292  7.033301e-02  6.586269e-02  2.905834e-02  9.212750e+00  4.099920e-01  2.311238e-01  7.186447e-01
 293  0.000000e+00  0.000000e+00  0.000000e+00  0.000000e+00  0.000000e+00  0.000000e+00  0.000000e+00
 294  6.568542e-02  3.377882e-02  2.713780e-02  9.213259e+00  4.100563e-01  2.737986e-01  9.710398e-02
 295  4.052359e-02  6.399028e-02  1.685793e-02  9.212750e+00  4.099920e-01  2.739408e-01  1.980194e-01
 296  3.888076e-01  1.116617e-01  1.607154e-01  9.213259e+00  4.100563e-01  2.702141e-01  2.972261e-01
 297  1.105952e-01  1.030851e-01  4.628512e-02  9.213259e+00  4.100563e-01  2.721502e-01  3.856351e-01
 298  1.749798e-01  9.039114e-02  7.470039e-02  9.213259e+00  4.100563e-01  2.725869e-01  5.095716e-01
 299  1.633253e-01  6.365853e-02  6.752966e-02  9.213259e+00  4.100563e-01  2.647852e-01  6.949909e-01
 300  1.910630e-02  3.921417e-02  7.899831e-03  9.206122e+00  4.099481e-01  2.684619e-01  8.227782e-01
 301  5.347734e-02  2.321368e-02  2.209010e-02  9.213259e+00  4.100563e-01  3.422622e-01  1.011387e-01
 302  2.634022e-01  5.860892e-02  1.088252e-01  9.213259e+00  4.100563e-01  3.324609e-01  1.942823e-01
 303  3.765005e-01  2.362833e-01  1.555521e-01  9.217118e+00  4.105440e-01  3.410505e-01  3.138427e-01
 304  7.477464e-02  5.396284e-02  3.260956e-02  9.212750e+00  4.099920e-01  3.440935e-01  4.062828e-01
 305  1.539404e-01  5.920306e-02  6.689604e-02  9.212750e+00  4.099920e-01  3.279251e-01  5.258260e-01
 306  7.692304e-02  3.713343e-02  3.344618e-02  9.213259e+00  4.100563e-01  3.385218e-01  6.833987e-01
 307  1.264577e-02  1.136466e-02  5.495966e-03  9.212750e+00  4.099920e-01  3.351717e-01  9.021325e-01
 308  1.669798e-02  1.172385e-02  6.900545e-03  9.213259e+00  4.100563e-01  4.160067e-01  1.031017e-01
 309  7.048543e-02  3.758716e-02  2.912854e-02  9.208596e+00  4.100822e-01  4.007607e-01  2.065023e-01
 310  1.080258e-01  3.795330e-02  4.694060e-02  9.213259e+00  4.100563e-01  4.309992e-01  3.122167e-01
 311  6.710959e-02  3.447316e-02  2.771398e-02  9.213259e+00  4.100563e-01  4.059020e-01  4.036471e-01
 312  4.341933e-02  3.504726e-02  1.793087e-02  9.218045e+00  4.101289e-01  4.324119e-01  5.679188e-01
 313  4.986066e-02  2.126690e-02  2.058245e-02  9.212750e+00  4.099920e-01  4.198083e-01  6.887420e-01
 314  4.222017e-03  5.656471e-03  1.743953e-03  9.212750e+00  4.099920e-01  3.973205e-01  9.412101e-01
 315  2.235244e-02  1.232618e-02  9.228987e-03  9.213259e+00  4.100563e-01  5.462550e-01  1.258535e-01
 316  5.654492e-02  2.938505e-02  2.457052e-02  9.218045e+00  4.101289e-01  5.401123e-01  2.079933e-01
 317  4.096521e-02  2.042524e-02  1.779455e-02  9.212750e+00  4.099920e-01  5.267675e-01  3.178172e-01
 318  5.143469e-02  2.051696e-02  2.233632e-02  9.213259e+00  4.100563e-01  5.256763e-01  3.973118e-01
 319  2.380394e-02  1.473920e-02  1.038081e-02  9.212750e+00  4.099920e-01  5.146677e-01  5.059303e-01
 320  2.278876e-02  1.096938e-02  9.895719e-03  9.213259e+00  4.100563e-01  5.075909e-01  6.974862e-01
 321  1.655008e-02  1.013368e-02  7.186653e-03  9.208596e+00  4.100822e-01  5.128072e-01  9.026850e-01
 322  2.703249e-03  5.630807e-03  1.115745e-03  9.218269e+00  4.100285e-01  6.810677e-01  1.376062e-01
 323  1.396493e-02  1.311177e-02  5.763918e-03  9.206122e+00  4.099481e-01  6.348661e-01  1.877466e-01
 324  0.000000e+00  0.000000e+00  0.000000e+00  0.000000e+00  0.000000e+00  0.000000e+00  0.000000e+00
 325  2.771350e-02  1.405085e-02  1.144277e-02  9.213259e+00  4.100563e-01  6.377077e-01  4.153513e-01
 326  1.695977e-03  7.150019e-03  7.016900e-04  9.218269e+00  4.100285e-01  6.073759e-01  5.037253e-01
 327  1.205599e-02  8.805274e-03  4.988020e-03  9.206122e+00  4.099481e-01  6.559230e-01  6.687077e-01
 328  0.000000e+00  0.000000e+00  0.000000e+00  0.000000e+00  0.000000e+00  0.000000e+00  0.000000e+00
 329  0.000000e+00  0.000000e+00  0.000000e+00  0.000000e+00  0.000000e+00  0.000000e+00  0.000000e+00
 330  8.766852e-03  6.278239e-03  3.627180e-03  9.206122e+00  4.099481e-01  8.181023e-01  2.537261e-01
 331  0.000000e+00  0.000000e+00  0.000000e+00  0.000000e+00  0.000000e+00  0.000000e+00  0.000000e+00
 332  0.000000e+00  0.000000e+00  0.000000e+00  0.000000e+00  0.000000e+00  0.000000e+00  0.000000e+00
 333  2.812344e-03  3.183489e-03  1.163574e-03  9.206122e+00  4.099481e-01  9.225120e-01  5.676492e-01
 334  0.000000e+00  0.000000e+00  0.000000e+00  0.000000e+00  0.000000e+00  0.000000e+00  0.000000e+00
 335  0.000000e+00  0.000000e+00  0.000000e+00  0.000000e+00  0.000000e+00  0.000000e+00  0.000000e+00
