2.000000e+01  1.058429e-01  1.059339e-01  1.767640e-04  -2.677951e-04  
2.018018e+01  1.023889e-01  1.024754e-01  1.775407e-04  -2.639560e-04  
2.036036e+01  9.907521e-02  9.915710e-02  1.783163e-04  -2.602045e-04  
2.054054e+01  9.589486e-02  9.597231e-02  1.790907e-04  -2.565378e-04  
2.072072e+01  9.284148e-02  9.291457e-02  1.798643e-04  -2.529534e-04  
2.090090e+01  8.990901e-02  8.997782e-02  1.806369e-04  -2.494488e-04  
2.108108e+01  8.709171e-02  8.715632e-02  1.814089e-04  -2.460216e-04  
2.126126e+01  8.438416e-02  8.444465e-02  1.821801e-04  -2.426694e-04  
2.144144e+01  8.178124e-02  8.183768e-02  1.829508e-04  -2.393901e-04  
2.162162e+01  7.927814e-02  7.933060e-02  1.837210e-04  -2.361816e-04  
2.180180e+01  7.687028e-02  7.691883e-02  1.844910e-04  -2.330418e-04  
2.198198e+01  7.455326e-02  7.459797e-02  1.852605e-04  -2.299686e-04  
2.216216e+01  7.232306e-02  7.236399e-02  1.860299e-04  -2.269603e-04  
2.234234e+01  7.017576e-02  7.021298e-02  1.867993e-04  -2.240150e-04  
2.252252e+01  6.810768e-02  6.814124e-02  1.875686e-04  -2.211308e-04  
2.270270e+01  6.611528e-02  6.614524e-02  1.883379e-04  -2.183060e-04  
2.288288e+01  6.419532e-02  6.422175e-02  1.891076e-04  -2.155392e-04  
2.306306e+01  6.234459e-02  6.236754e-02  1.898774e-04  -2.128286e-04  
2.324324e+01  6.056015e-02  6.057968e-02  1.906477e-04  -2.101728e-04  
2.342342e+01  5.883917e-02  5.885533e-02  1.914185e-04  -2.075703e-04  
2.360360e+01  5.717894e-02  5.719177e-02  1.921899e-04  -2.050196e-04  
2.378378e+01  5.557689e-02  5.558645e-02  1.929619e-04  -2.025194e-04  
2.396396e+01  5.403059e-02  5.403692e-02  1.937347e-04  -2.000684e-04  
2.414414e+01  5.253771e-02  5.254087e-02  1.945084e-04  -1.976651e-04  
2.432432e+01  5.109606e-02  5.109609e-02  1.952829e-04  -1.953085e-04  
2.450450e+01  4.970355e-02  4.970049e-02  1.960586e-04  -1.929973e-04  
2.468468e+01  4.835816e-02  4.835206e-02  1.968354e-04  -1.907304e-04  
2.486486e+01  4.705799e-02  4.704889e-02  1.976134e-04  -1.885065e-04  
2.504505e+01  4.580124e-02  4.578917e-02  1.983927e-04  -1.863247e-04  
2.522523e+01  4.458615e-02  4.457116e-02  1.991733e-04  -1.841838e-04  
2.540541e+01  4.341173e-02  4.339386e-02  1.999583e-04  -1.820855e-04  
2.558559e+01  4.227601e-02  4.225529e-02  2.007462e-04  -1.800272e-04  
2.576577e+01  4.117702e-02  4.115349e-02  2.015349e-04  -1.780061e-04  
2.594595e+01  4.011336e-02  4.008706e-02  2.023247e-04  -1.760214e-04  
2.612613e+01  3.908371e-02  3.905466e-02  2.031157e-04  -1.740723e-04  
2.630631e+01  3.808675e-02  3.805500e-02  2.039080e-04  -1.721579e-04  
2.648649e+01  3.712128e-02  3.708686e-02  2.047018e-04  -1.702775e-04  
2.666667e+01  3.618611e-02  3.614905e-02  2.054973e-04  -1.684304e-04  
2.684685e+01  3.528013e-02  3.524045e-02  2.062945e-04  -1.666157e-04  
2.702703e+01  3.440226e-02  3.435999e-02  2.070937e-04  -1.648328e-04  
2.720721e+01  3.355146e-02  3.350664e-02  2.078949e-04  -1.630811e-04  
2.738739e+01  3.272675e-02  3.267941e-02  2.086983e-04  -1.613597e-04  
2.756757e+01  3.192718e-02  3.187735e-02  2.095041e-04  -1.596682e-04  
2.774775e+01  3.115186e-02  3.109955e-02  2.103123e-04  -1.580057e-04  
2.792793e+01  3.039991e-02  3.034516e-02  2.111232e-04  -1.563718e-04  
2.810811e+01  2.967050e-02  2.961333e-02  2.119368e-04  -1.547658e-04  
2.828829e+01  2.896283e-02  2.890326e-02  2.127168e-04  -1.531871e-04  
2.846847e+01  2.827608e-02  2.821415e-02  2.135363e-04  -1.516348e-04  
2.864865e+01  2.760954e-02  2.754525e-02  2.143587e-04  -1.501086e-04  
2.882883e+01  2.696256e-02  2.689594e-02  2.151845e-04  -1.486080e-04  
2.900901e+01  2.633445e-02  2.626553e-02  2.160138e-04  -1.471327e-04  
2.918919e+01  2.572457e-02  2.565337e-02  2.168468e-04  -1.456820e-04  
2.936937e+01  2.513228e-02  2.505882e-02  2.176835e-04  -1.442554e-04  
2.954955e+01  2.455702e-02  2.448131e-02  2.185243e-04  -1.428525e-04  
2.972973e+01  2.399818e-02  2.392025e-02  2.193692e-04  -1.414485e-04  
2.990991e+01  2.345522e-02  2.337509e-02  2.202185e-04  -1.400922e-04  
3.009009e+01  2.292761e-02  2.284529e-02  2.210721e-04  -1.387581e-04  
3.027027e+01  2.241481e-02  2.233031e-02  2.219300e-04  -1.374457e-04  
3.045045e+01  2.191633e-02  2.182968e-02  2.227924e-04  -1.361547e-04  
3.063063e+01  2.143168e-02  2.134289e-02  2.236592e-04  -1.348843e-04  
3.081081e+01  2.096047e-02  2.086956e-02  2.245312e-04  -1.336346e-04  
3.099099e+01  2.050222e-02  2.040921e-02  2.254082e-04  -1.324050e-04  
3.117117e+01  2.005652e-02  1.996142e-02  2.262902e-04  -1.311952e-04  
3.135135e+01  1.962296e-02  1.952577e-02  2.271775e-04  -1.300046e-04  
3.153153e+01  1.920114e-02  1.910189e-02  2.280701e-04  -1.288329e-04  
3.171171e+01  1.879070e-02  1.868940e-02  2.289682e-04  -1.276798e-04  
3.189189e+01  1.839113e-02  1.828779e-02  2.298704e-04  -1.265441e-04  
3.207207e+01  1.800187e-02  1.789650e-02  2.307737e-04  -1.254237e-04  
3.225225e+01  1.762302e-02  1.751564e-02  2.316838e-04  -1.243214e-04  
3.243243e+01  1.725426e-02  1.714488e-02  2.326008e-04  -1.232368e-04  
3.261261e+01  1.689526e-02  1.678389e-02  2.335247e-04  -1.221695e-04  
3.279279e+01  1.654572e-02  1.643237e-02  2.344557e-04  -1.211192e-04  
3.297297e+01  1.620535e-02  1.609003e-02  2.353938e-04  -1.200856e-04  
3.315315e+01  1.587383e-02  1.575655e-02  2.363391e-04  -1.190682e-04  
3.333333e+01  1.555092e-02  1.543168e-02  2.372917e-04  -1.180668e-04  
3.351351e+01  1.523633e-02  1.511515e-02  2.382517e-04  -1.170810e-04  
3.369369e+01  1.492981e-02  1.480669e-02  2.392191e-04  -1.161106e-04  
3.387387e+01  1.463112e-02  1.450607e-02  2.401942e-04  -1.151552e-04  
3.405405e+01  1.434002e-02  1.421304e-02  2.411770e-04  -1.142144e-04  
3.423423e+01  1.405627e-02  1.392737e-02  2.421675e-04  -1.132881e-04  
3.441441e+01  1.377725e-02  1.364885e-02  2.431659e-04  -1.123760e-04  
3.459459e+01  1.350763e-02  1.337493e-02  2.441723e-04  -1.114777e-04  
3.477477e+01  1.324471e-02  1.311012e-02  2.451868e-04  -1.105930e-04  
3.495495e+01  1.298831e-02  1.285182e-02  2.462095e-04  -1.097217e-04  
3.513514e+01  1.273823e-02  1.259985e-02  2.472404e-04  -1.088634e-04  
3.531532e+01  1.249428e-02  1.235402e-02  2.482798e-04  -1.080180e-04  
3.549550e+01  1.225628e-02  1.211414e-02  2.493277e-04  -1.071852e-04  
3.567568e+01  1.202407e-02  1.188005e-02  2.503842e-04  -1.063647e-04  
3.585586e+01  1.179750e-02  1.165160e-02  2.514500e-04  -1.055566e-04  
3.603604e+01  1.157638e-02  1.142862e-02  2.525248e-04  -1.047605e-04  
3.621622e+01  1.136056e-02  1.121093e-02  2.536085e-04  -1.039760e-04  
3.639640e+01  1.114988e-02  1.099838e-02  2.547012e-04  -1.032030e-04  
3.657658e+01  1.094419e-02  1.079083e-02  2.558030e-04  -1.024411e-04  
3.675676e+01  1.074336e-02  1.058814e-02  2.569140e-04  -1.016903e-04  
3.693694e+01  1.054725e-02  1.039016e-02  2.580345e-04  -1.009503e-04  
3.711712e+01  1.035572e-02  1.019677e-02  2.591644e-04  -1.002209e-04  
3.729730e+01  1.016865e-02  1.000785e-02  2.603039e-04  -9.950202e-05  
3.747748e+01  9.985924e-03  9.823264e-03  2.614533e-04  -9.879343e-05  
3.765766e+01  9.807401e-03  9.642884e-03  2.626122e-04  -9.809476e-05  
3.783784e+01  9.632988e-03  9.466613e-03  2.637814e-04  -9.740607e-05  
3.801802e+01  9.462568e-03  9.294334e-03  2.649607e-04  -9.672713e-05  
3.819820e+01  9.296030e-03  9.125938e-03  2.661504e-04  -9.605778e-05  
3.837838e+01  9.133271e-03  8.961318e-03  2.673504e-04  -9.539782e-05  
3.855856e+01  8.974189e-03  8.800375e-03  2.685612e-04  -9.474712e-05  
3.873874e+01  8.818689e-03  8.643012e-03  2.697827e-04  -9.410554e-05  
3.891892e+01  8.666669e-03  8.489127e-03  2.710150e-04  -9.347287e-05  
3.909910e+01  8.518044e-03  8.338634e-03  2.722584e-04  -9.284902e-05  
3.927928e+01  8.372722e-03  8.191443e-03  2.735130e-04  -9.223383e-05  
3.945946e+01  8.230617e-03  8.047466e-03  2.747790e-04  -9.162715e-05  
3.963964e+01  8.091646e-03  7.906618e-03  2.760565e-04  -9.102885e-05  
3.981982e+01  7.955730e-03  7.768823e-03  2.773458e-04  -9.043883e-05  
4.000000e+01  7.822783e-03  7.633993e-03  2.786469e-04  -8.985688e-05  
4.018018e+01  7.692830e-03  7.502151e-03  2.799634e-04  -8.928401e-05  
4.036036e+01  7.565785e-03  7.373209e-03  2.812954e-04  -8.871999e-05  
4.054054e+01  7.441462e-03  7.246987e-03  2.826389e-04  -8.816341e-05  
4.072072e+01  7.319796e-03  7.123415e-03  2.839943e-04  -8.761418e-05  
4.090090e+01  7.200719e-03  7.002429e-03  2.853617e-04  -8.707219e-05  
4.108108e+01  7.084170e-03  6.883965e-03  2.867414e-04  -8.653735e-05  
4.126126e+01  6.970085e-03  6.767961e-03  2.881335e-04  -8.600955e-05  
4.144144e+01  6.858405e-03  6.654356e-03  2.895383e-04  -8.548871e-05  
4.162162e+01  6.749073e-03  6.543091e-03  2.909560e-04  -8.497471e-05  
4.180180e+01  6.642031e-03  6.434112e-03  2.923868e-04  -8.446750e-05  
4.198198e+01  6.537225e-03  6.327361e-03  2.938310e-04  -8.396696e-05  
4.216216e+01  6.434600e-03  6.222784e-03  2.952887e-04  -8.347300e-05  
4.234234e+01  6.334105e-03  6.120330e-03  2.967602e-04  -8.298553e-05  
4.252252e+01  6.235691e-03  6.019950e-03  2.982459e-04  -8.250451e-05  
4.270270e+01  6.139308e-03  5.921592e-03  2.997459e-04  -8.202982e-05  
4.288288e+01  6.044908e-03  5.825209e-03  3.012604e-04  -8.156139e-05  
4.306306e+01  5.952443e-03  5.730753e-03  3.027897e-04  -8.109913e-05  
4.324324e+01  5.861870e-03  5.638179e-03  3.043340e-04  -8.064296e-05  
4.342342e+01  5.773144e-03  5.547443e-03  3.058936e-04  -8.019279e-05  
4.360360e+01  5.686221e-03  5.458500e-03  3.074687e-04  -7.974855e-05  
4.378378e+01  5.601063e-03  5.371313e-03  3.090597e-04  -7.931021e-05  
4.396396e+01  5.517628e-03  5.285838e-03  3.106669e-04  -7.887767e-05  
4.414414e+01  5.435878e-03  5.202038e-03  3.122905e-04  -7.845088e-05  
4.432432e+01  5.355772e-03  5.119871e-03  3.139307e-04  -7.802971e-05  
4.450450e+01  5.277273e-03  5.039299e-03  3.155878e-04  -7.761413e-05  
4.468468e+01  5.200346e-03  4.960288e-03  3.172622e-04  -7.720408e-05  
4.486486e+01  5.124956e-03  4.882802e-03  3.189541e-04  -7.679947e-05  
4.504505e+01  5.051034e-03  4.806772e-03  3.206616e-04  -7.639975e-05  
4.522523e+01  4.978517e-03  4.732138e-03  3.223833e-04  -7.600440e-05  
4.540541e+01  4.907448e-03  4.658939e-03  3.241238e-04  -7.561445e-05  
4.558559e+01  4.837797e-03  4.587143e-03  3.258838e-04  -7.522989e-05  
4.576577e+01  4.769531e-03  4.516719e-03  3.276634e-04  -7.485063e-05  
4.594595e+01  4.702619e-03  4.447633e-03  3.294629e-04  -7.447659e-05  
4.612613e+01  4.637031e-03  4.379856e-03  3.312827e-04  -7.410772e-05  
4.630631e+01  4.572737e-03  4.313358e-03  3.331230e-04  -7.374393e-05  
4.648649e+01  4.509710e-03  4.248111e-03  3.349842e-04  -7.338518e-05  
4.666667e+01  4.447921e-03  4.184086e-03  3.368666e-04  -7.303139e-05  
4.684685e+01  4.387342e-03  4.121254e-03  3.387705e-04  -7.268249e-05  
4.702703e+01  4.327950e-03  4.059592e-03  3.406964e-04  -7.233848e-05  
4.720721e+01  4.269718e-03  3.999073e-03  3.426445e-04  -7.199926e-05  
4.738739e+01  4.212620e-03  3.939670e-03  3.446152e-04  -7.166475e-05  
4.756757e+01  4.156633e-03  3.881359e-03  3.466088e-04  -7.133493e-05  
4.774775e+01  4.101732e-03  3.824116e-03  3.486257e-04  -7.100972e-05  
4.792793e+01  4.047897e-03  3.767919e-03  3.506664e-04  -7.068911e-05  
4.810811e+01  3.995099e-03  3.712741e-03  3.527308e-04  -7.037295e-05  
4.828829e+01  3.943327e-03  3.658569e-03  3.548203e-04  -7.006135e-05  
4.846847e+01  3.892551e-03  3.605371e-03  3.569344e-04  -6.975413e-05  
4.864865e+01  3.842754e-03  3.553131e-03  3.590738e-04  -6.945127e-05  
4.882883e+01  3.793914e-03  3.501828e-03  3.612389e-04  -6.915274e-05  
4.900901e+01  3.746013e-03  3.451441e-03  3.634301e-04  -6.885848e-05  
4.918919e+01  3.699030e-03  3.401951e-03  3.656479e-04  -6.856845e-05  
4.936937e+01  3.652949e-03  3.353339e-03  3.678927e-04  -6.828260e-05  
4.954955e+01  3.607750e-03  3.305586e-03  3.701650e-04  -6.800089e-05  
4.972973e+01  3.563415e-03  3.258673e-03  3.724651e-04  -6.772327e-05  
4.990991e+01  3.519930e-03  3.212586e-03  3.747938e-04  -6.744974e-05  
5.009009e+01  3.477274e-03  3.167303e-03  3.771512e-04  -6.718020e-05  
5.027027e+01  3.435434e-03  3.122810e-03  3.795381e-04  -6.691464e-05  
5.045045e+01  3.394392e-03  3.079090e-03  3.819549e-04  -6.665303e-05  
5.063063e+01  3.354141e-03  3.036134e-03  3.844029e-04  -6.639545e-05  
5.081081e+01  3.314660e-03  2.993920e-03  3.868819e-04  -6.614177e-05  
5.099099e+01  3.275931e-03  2.952430e-03  3.893924e-04  -6.589190e-05  
5.117117e+01  3.237940e-03  2.911651e-03  3.919348e-04  -6.564579e-05  
5.135135e+01  3.200673e-03  2.871567e-03  3.945096e-04  -6.540343e-05  
5.153153e+01  3.164118e-03  2.832165e-03  3.971175e-04  -6.516478e-05  
5.171171e+01  3.128260e-03  2.793431e-03  3.997591e-04  -6.492982e-05  
5.189189e+01  3.093086e-03  2.755350e-03  4.024349e-04  -6.469849e-05  
5.207207e+01  3.058585e-03  2.717910e-03  4.051455e-04  -6.447077e-05  
5.225225e+01  3.024743e-03  2.681098e-03  4.078916e-04  -6.424664e-05  
5.243243e+01  2.991549e-03  2.644901e-03  4.106738e-04  -6.402606e-05  
5.261261e+01  2.958991e-03  2.609308e-03  4.134927e-04  -6.380900e-05  
5.279279e+01  2.927060e-03  2.574306e-03  4.163492e-04  -6.359547e-05  
5.297297e+01  2.895743e-03  2.539884e-03  4.192439e-04  -6.338541e-05  
5.315315e+01  2.865029e-03  2.506030e-03  4.221774e-04  -6.317881e-05  
5.333333e+01  2.834897e-03  2.472723e-03  4.251488e-04  -6.297538e-05  
5.351351e+01  2.805371e-03  2.439983e-03  4.281639e-04  -6.277586e-05  
5.369369e+01  2.776406e-03  2.407767e-03  4.312183e-04  -6.257946e-05  
5.387387e+01  2.748006e-03  2.376078e-03  4.343148e-04  -6.238647e-05  
5.405405e+01  2.720169e-03  2.344911e-03  4.374554e-04  -6.219702e-05  
5.423423e+01  2.692852e-03  2.314227e-03  4.406354e-04  -6.201030e-05  
5.441441e+01  2.666084e-03  2.284050e-03  4.438616e-04  -6.182717e-05  
5.459459e+01  2.639846e-03  2.254360e-03  4.471335e-04  -6.164739e-05  
5.477477e+01  2.614126e-03  2.225146e-03  4.504511e-04  -6.147085e-05  
5.495495e+01  2.588918e-03  2.196399e-03  4.538158e-04  -6.129756e-05  
5.513514e+01  2.564211e-03  2.168110e-03  4.572279e-04  -6.112746e-05  
5.531532e+01  2.539999e-03  2.140270e-03  4.606889e-04  -6.096057e-05  
5.549550e+01  2.516278e-03  2.112875e-03  4.642002e-04  -6.079697e-05  
5.567568e+01  2.493033e-03  2.085908e-03  4.677612e-04  -6.063643e-05  
5.585586e+01  2.470261e-03  2.059366e-03  4.713740e-04  -6.047906e-05  
5.603604e+01  2.447956e-03  2.033241e-03  4.750394e-04  -6.032484e-05  
5.621622e+01  2.426106e-03  2.007522e-03  4.787579e-04  -6.017367e-05  
5.639640e+01  2.404710e-03  1.982204e-03  4.825312e-04  -6.002561e-05  
5.657658e+01  2.383766e-03  1.957285e-03  4.863617e-04  -5.988084e-05  
5.675676e+01  2.363275e-03  1.932763e-03  4.902519e-04  -5.973947e-05  
5.693694e+01  2.343225e-03  1.908625e-03  4.942015e-04  -5.960134e-05  
5.711712e+01  2.323600e-03  1.884856e-03  4.982102e-04  -5.946624e-05  
5.729730e+01  2.304397e-03  1.861452e-03  5.022793e-04  -5.933416e-05  
5.747748e+01  2.285610e-03  1.838405e-03  5.064100e-04  -5.920510e-05  
5.765766e+01  2.267233e-03  1.815708e-03  5.106036e-04  -5.907906e-05  
5.783784e+01  2.249261e-03  1.793356e-03  5.148614e-04  -5.895602e-05  
5.801802e+01  2.231691e-03  1.771342e-03  5.191848e-04  -5.883599e-05  
5.819820e+01  2.214516e-03  1.749660e-03  5.235752e-04  -5.871895e-05  
5.837838e+01  2.197734e-03  1.728305e-03  5.280341e-04  -5.860492e-05  
5.855856e+01  2.181338e-03  1.707269e-03  5.325628e-04  -5.849386e-05  
5.873874e+01  2.165326e-03  1.686549e-03  5.371630e-04  -5.838581e-05  
5.891892e+01  2.149693e-03  1.666137e-03  5.418362e-04  -5.828075e-05  
5.909910e+01  2.134435e-03  1.646029e-03  5.465840e-04  -5.817867e-05  
5.927928e+01  2.119549e-03  1.626220e-03  5.514080e-04  -5.807959e-05  
5.945946e+01  2.105031e-03  1.606704e-03  5.563102e-04  -5.798352e-05  
5.963964e+01  2.090877e-03  1.587476e-03  5.612918e-04  -5.789041e-05  
5.981982e+01  2.077085e-03  1.568530e-03  5.663549e-04  -5.780032e-05  
6.000000e+01  2.063651e-03  1.549863e-03  5.715014e-04  -5.771322e-05  
6.018018e+01  2.050573e-03  1.531469e-03  5.767330e-04  -5.762912e-05  
6.036036e+01  2.037847e-03  1.513343e-03  5.820521e-04  -5.754806e-05  
6.054054e+01  2.025472e-03  1.495482e-03  5.874601e-04  -5.746999e-05  
6.072072e+01  2.013444e-03  1.477880e-03  5.929595e-04  -5.739496e-05  
6.090090e+01  2.001761e-03  1.460532e-03  5.985521e-04  -5.732295e-05  
6.108108e+01  1.990421e-03  1.443435e-03  6.042402e-04  -5.725397e-05  
6.126126e+01  1.979422e-03  1.426584e-03  6.100262e-04  -5.718805e-05  
6.144144e+01  1.968762e-03  1.409975e-03  6.159123e-04  -5.712518e-05  
6.162162e+01  1.958440e-03  1.393604e-03  6.219008e-04  -5.706538e-05  
6.180180e+01  1.948453e-03  1.377467e-03  6.279943e-04  -5.700866e-05  
6.198198e+01  1.938800e-03  1.361560e-03  6.341952e-04  -5.695503e-05  
6.216216e+01  1.929480e-03  1.345879e-03  6.405062e-04  -5.690451e-05  
6.234234e+01  1.920493e-03  1.330420e-03  6.469299e-04  -5.685710e-05  
6.252252e+01  1.911836e-03  1.315179e-03  6.534692e-04  -5.681283e-05  
6.270270e+01  1.903509e-03  1.300154e-03  6.601269e-04  -5.677171e-05  
6.288288e+01  1.895512e-03  1.285340e-03  6.669059e-04  -5.673376e-05  
6.306306e+01  1.887844e-03  1.270733e-03  6.738092e-04  -5.669899e-05  
6.324324e+01  1.880504e-03  1.256331e-03  6.808401e-04  -5.666743e-05  
6.342342e+01  1.873493e-03  1.242130e-03  6.880017e-04  -5.663910e-05  
6.360360e+01  1.866803e-03  1.228122e-03  6.952949e-04  -5.661381e-05  
6.378378e+01  1.860429e-03  1.214300e-03  7.027206e-04  -5.659139e-05  
6.396396e+01  1.854386e-03  1.200671e-03  7.102877e-04  -5.657231e-05  
6.414414e+01  1.848674e-03  1.187230e-03  7.180002e-04  -5.655661e-05  
6.432432e+01  1.843293e-03  1.173976e-03  7.258613e-04  -5.654427e-05  
6.450450e+01  1.838245e-03  1.160905e-03  7.338754e-04  -5.653536e-05  
6.468468e+01  1.833530e-03  1.148014e-03  7.420464e-04  -5.652988e-05  
6.486486e+01  1.829150e-03  1.135299e-03  7.503784e-04  -5.652787e-05  
6.504505e+01  1.825106e-03  1.122759e-03  7.588758e-04  -5.652936e-05  
6.522523e+01  1.821399e-03  1.110391e-03  7.675431e-04  -5.653438e-05  
6.540541e+01  1.818031e-03  1.098190e-03  7.763844e-04  -5.654292e-05  
6.558559e+01  1.815007e-03  1.086156e-03  7.854060e-04  -5.655514e-05  
6.576577e+01  1.812325e-03  1.074284e-03  7.946114e-04  -5.657095e-05  
6.594595e+01  1.809989e-03  1.062574e-03  8.040061e-04  -5.659042e-05  
6.612613e+01  1.808002e-03  1.051021e-03  8.135955e-04  -5.661362e-05  
6.630631e+01  1.806367e-03  1.039623e-03  8.233850e-04  -5.664055e-05  
6.648649e+01  1.805087e-03  1.028378e-03  8.333804e-04  -5.667128e-05  
6.666667e+01  1.804164e-03  1.017282e-03  8.435870e-04  -5.670580e-05  
6.684685e+01  1.803605e-03  1.006337e-03  8.540127e-04  -5.674429e-05  
6.702703e+01  1.803411e-03  9.955356e-04  8.646619e-04  -5.678665e-05  
6.720721e+01  1.803587e-03  9.848778e-04  8.755418e-04  -5.683299e-05  
6.738739e+01  1.804137e-03  9.743611e-04  8.866593e-04  -5.688336e-05  
6.756757e+01  1.805067e-03  9.639831e-04  8.980215e-04  -5.693781e-05  
6.774775e+01  1.806381e-03  9.537418e-04  9.096357e-04  -5.699640e-05  
6.792793e+01  1.808085e-03  9.436349e-04  9.215094e-04  -5.705918e-05  
6.810811e+01  1.810185e-03  9.336604e-04  9.336507e-04  -5.712622e-05  
6.828829e+01  1.812686e-03  9.238161e-04  9.460677e-04  -5.719757e-05  
6.846847e+01  1.815596e-03  9.141001e-04  9.587690e-04  -5.727331e-05  
6.864865e+01  1.818921e-03  9.045106e-04  9.717636e-04  -5.735350e-05  
6.882883e+01  1.822667e-03  8.950452e-04  9.850605e-04  -5.743821e-05  
6.900901e+01  1.826844e-03  8.857023e-04  9.986694e-04  -5.752752e-05  
6.918919e+01  1.831459e-03  8.764798e-04  1.012600e-03  -5.762149e-05  
6.936937e+01  1.836519e-03  8.673759e-04  1.026863e-03  -5.772021e-05  
6.954955e+01  1.842035e-03  8.583888e-04  1.041469e-03  -5.782375e-05  
6.972973e+01  1.848015e-03  8.495169e-04  1.056430e-03  -5.793221e-05  
6.990991e+01  1.854472e-03  8.407591e-04  1.071758e-03  -5.804574e-05  
7.009009e+01  1.861410e-03  8.321113e-04  1.087463e-03  -5.816426e-05  
7.027027e+01  1.868845e-03  8.235739e-04  1.103559e-03  -5.828800e-05  
7.045045e+01  1.876787e-03  8.151448e-04  1.120060e-03  -5.841703e-05  
7.063063e+01  1.885246e-03  8.068210e-04  1.136977e-03  -5.855136e-05  
7.081081e+01  1.894243e-03  7.986046e-04  1.154330e-03  -5.869137e-05  
7.099099e+01  1.903782e-03  7.904901e-04  1.172129e-03  -5.883687e-05  
7.117117e+01  1.913881e-03  7.824776e-04  1.190392e-03  -5.898811e-05  
7.135135e+01  1.924555e-03  7.745654e-04  1.209135e-03  -5.914519e-05  
7.153153e+01  1.935819e-03  7.667523e-04  1.228375e-03  -5.930826e-05  
7.171171e+01  1.947690e-03  7.590365e-04  1.248131e-03  -5.947742e-05  
7.189189e+01  1.960184e-03  7.514165e-04  1.268421e-03  -5.965281e-05  
7.207207e+01  1.973322e-03  7.438914e-04  1.289265e-03  -5.983460e-05  
7.225225e+01  1.987119e-03  7.364589e-04  1.310683e-03  -6.002287e-05  
7.243243e+01  2.001597e-03  7.291181e-04  1.332696e-03  -6.021780e-05  
7.261261e+01  2.016777e-03  7.218676e-04  1.355329e-03  -6.041955e-05  
7.279279e+01  2.032680e-03  7.147059e-04  1.378617e-03  -6.062827e-05  
7.297297e+01  2.049332e-03  7.076319e-04  1.402558e-03  -6.084415e-05  
7.315315e+01  2.066756e-03  7.006446e-04  1.427193e-03  -6.106738e-05  
7.333333e+01  2.084979e-03  6.937425e-04  1.452549e-03  -6.129814e-05  
7.351351e+01  2.104026e-03  6.869238e-04  1.478653e-03  -6.153655e-05  
7.369369e+01  2.123927e-03  6.801878e-04  1.505536e-03  -6.178288e-05  
7.387387e+01  2.144713e-03  6.735336e-04  1.533232e-03  -6.203735e-05  
7.405405e+01  2.166416e-03  6.669597e-04  1.561772e-03  -6.230016e-05  
7.423423e+01  2.189070e-03  6.604649e-04  1.591191e-03  -6.257153e-05  
7.441441e+01  2.212709e-03  6.540481e-04  1.621528e-03  -6.285169e-05  
7.459459e+01  2.237372e-03  6.477083e-04  1.652820e-03  -6.314091e-05  
7.477477e+01  2.263098e-03  6.414443e-04  1.685109e-03  -6.343944e-05  
7.495495e+01  2.289930e-03  6.352550e-04  1.718438e-03  -6.374754e-05  
7.513514e+01  2.317911e-03  6.291395e-04  1.752854e-03  -6.406551e-05  
7.531532e+01  2.347089e-03  6.230965e-04  1.788403e-03  -6.439364e-05  
7.549550e+01  2.377513e-03  6.171252e-04  1.825137e-03  -6.473222e-05  
7.567568e+01  2.409236e-03  6.112244e-04  1.863110e-03  -6.508159e-05  
7.585586e+01  2.442314e-03  6.053933e-04  1.902380e-03  -6.544209e-05  
7.603604e+01  2.476806e-03  5.996312e-04  1.943007e-03  -6.581412e-05  
7.621622e+01  2.512771e-03  5.939360e-04  1.985052e-03  -6.619790e-05  
7.639640e+01  2.550281e-03  5.883079e-04  2.028586e-03  -6.659397e-05  
7.657658e+01  2.589403e-03  5.827456e-04  2.073679e-03  -6.700267e-05  
7.675676e+01  2.630213e-03  5.772482e-04  2.120409e-03  -6.742445e-05  
7.693694e+01  2.672817e-03  5.718147e-04  2.168855e-03  -6.785974e-05  
7.711712e+01  2.717247e-03  5.664444e-04  2.219105e-03  -6.830903e-05  
7.729730e+01  2.763618e-03  5.611360e-04  2.271248e-03  -6.877277e-05  
7.747748e+01  2.812028e-03  5.558892e-04  2.325384e-03  -6.925221e-05  
7.765766e+01  2.862579e-03  5.507028e-04  2.381615e-03  -6.974651e-05  
7.783784e+01  2.915374e-03  5.455751e-04  2.440048e-03  -7.025680e-05  
7.801802e+01  2.970540e-03  5.405072e-04  2.500809e-03  -7.078392e-05  
7.819820e+01  3.028197e-03  5.354974e-04  2.564021e-03  -7.132840e-05  
7.837838e+01  3.088479e-03  5.305449e-04  2.629818e-03  -7.189092e-05  
7.855856e+01  3.151527e-03  5.256488e-04  2.698343e-03  -7.247215e-05  
7.873874e+01  3.217494e-03  5.208084e-04  2.769752e-03  -7.307286e-05  
7.891892e+01  3.286549e-03  5.160233e-04  2.844212e-03  -7.369390e-05  
7.909910e+01  3.358865e-03  5.112930e-04  2.921902e-03  -7.433610e-05  
7.927928e+01  3.434625e-03  5.066151e-04  3.003003e-03  -7.500014e-05  
7.945946e+01  3.514036e-03  5.019901e-04  3.087727e-03  -7.568710e-05  
7.963964e+01  3.597316e-03  4.974168e-04  3.176291e-03  -7.639790e-05  
7.981982e+01  3.684704e-03  4.928952e-04  3.268936e-03  -7.713367e-05  
8.000000e+01  3.776453e-03  4.884242e-04  3.365918e-03  -7.789548e-05  
8.018018e+01  3.872859e-03  4.840058e-04  3.467532e-03  -7.868494e-05  
8.036036e+01  3.974198e-03  4.796365e-04  3.574058e-03  -7.950285e-05  
8.054054e+01  4.080791e-03  4.753157e-04  3.685820e-03  -8.035052e-05  
8.072072e+01  4.192989e-03  4.710428e-04  3.803170e-03  -8.122940e-05  
8.090090e+01  4.311168e-03  4.668170e-04  3.926486e-03  -8.214094e-05  
8.108108e+01  4.435740e-03  4.626378e-04  4.056183e-03  -8.308675e-05  
8.126126e+01  4.567152e-03  4.585046e-04  4.192711e-03  -8.406855e-05  
8.144144e+01  4.705895e-03  4.544167e-04  4.336561e-03  -8.508817e-05  
8.162162e+01  4.852503e-03  4.503740e-04  4.488271e-03  -8.614759e-05  
8.180180e+01  5.007547e-03  4.463747e-04  4.648416e-03  -8.724872e-05  
8.198198e+01  5.171678e-03  4.424195e-04  4.817647e-03  -8.839398e-05  
8.216216e+01  5.345588e-03  4.385073e-04  4.996662e-03  -8.958569e-05  
8.234234e+01  5.530048e-03  4.346377e-04  5.186231e-03  -9.082641e-05  
8.252252e+01  5.725900e-03  4.308099e-04  5.387204e-03  -9.211887e-05  
8.270270e+01  5.934083e-03  4.270241e-04  5.600520e-03  -9.346615e-05  
8.288288e+01  6.155613e-03  4.232786e-04  5.827200e-03  -9.487123e-05  
8.306306e+01  6.391628e-03  4.195732e-04  6.068387e-03  -9.633754e-05  
8.324324e+01  6.643400e-03  4.159080e-04  6.325356e-03  -9.786895e-05  
8.342342e+01  6.912323e-03  4.122820e-04  6.599506e-03  -9.946932e-05  
8.360360e+01  7.199962e-03  4.086949e-04  6.892405e-03  -1.011430e-04  
8.378378e+01  7.508055e-03  4.051462e-04  7.205799e-03  -1.028947e-04  
8.396396e+01  7.838550e-03  4.016354e-04  7.541639e-03  -1.047294e-04  
8.414414e+01  8.193630e-03  3.981620e-04  7.902116e-03  -1.066527e-04  
8.432432e+01  8.575746e-03  3.947254e-04  8.289687e-03  -1.086703e-04  
8.450450e+01  8.987666e-03  3.913253e-04  8.707125e-03  -1.107889e-04  
8.468468e+01  9.432514e-03  3.879612e-04  9.157564e-03  -1.130154e-04  
8.486486e+01  9.913828e-03  3.846326e-04  9.644548e-03  -1.153575e-04  
8.504505e+01  1.043563e-02  3.813391e-04  1.017211e-02  -1.178235e-04  
8.522523e+01  1.100252e-02  3.780802e-04  1.074486e-02  -1.204225e-04  
8.540541e+01  1.161973e-02  3.748556e-04  1.136803e-02  -1.231644e-04  
8.558559e+01  1.229328e-02  3.716647e-04  1.204767e-02  -1.260601e-04  
8.576577e+01  1.303011e-02  3.685073e-04  1.279072e-02  -1.291213e-04  
8.594595e+01  1.383823e-02  3.653830e-04  1.360521e-02  -1.323610e-04  
8.612613e+01  1.472693e-02  3.622910e-04  1.450043e-02  -1.357930e-04  
8.630631e+01  1.570704e-02  3.592312e-04  1.548723e-02  -1.394328e-04  
8.648649e+01  1.679120e-02  3.562032e-04  1.657829e-02  -1.432967e-04  
8.666667e+01  1.799429e-02  3.532065e-04  1.778848e-02  -1.474028e-04  
8.684685e+01  1.933383e-02  3.502408e-04  1.913535e-02  -1.517703e-04  
8.702703e+01  2.083058e-02  3.473057e-04  2.063969e-02  -1.564196e-04  
8.720721e+01  2.250925e-02  3.444008e-04  2.232621e-02  -1.613723e-04  
8.738739e+01  2.439938e-02  3.415258e-04  2.422450e-02  -1.666506e-04  
8.756757e+01  2.653647e-02  3.386803e-04  2.637007e-02  -1.722769e-04  
8.774775e+01  2.896334e-02  3.358639e-04  2.880574e-02  -1.782727e-04  
8.792793e+01  3.173188e-02  3.330763e-04  3.158345e-02  -1.846569e-04  
8.810811e+01  3.490525e-02  3.303172e-04  3.476637e-02  -1.914430e-04  
8.828829e+01  3.856057e-02  3.275861e-04  3.843162e-02  -1.986355e-04  
8.846847e+01  4.279227e-02  3.248828e-04  4.267361e-02  -2.062235e-04  
8.864865e+01  4.771601e-02  3.222068e-04  4.760797e-02  -2.141713e-04  
8.882883e+01  5.347760e-02  3.195579e-04  5.338043e-02  -2.224040e-04  
8.900901e+01  6.024146e-02  3.169358e-04  6.015530e-02  -2.307858e-04  
8.918919e+01  6.821887e-02  3.143402e-04  6.814360e-02  -2.390878e-04  
8.936937e+01  7.765439e-02  3.117707e-04  7.758954e-02  -2.469397e-04  
8.954955e+01  8.882523e-02  3.092270e-04  8.876974e-02  -2.537612e-04  
8.972973e+01  1.020232e-01  3.067088e-04  1.019751e-01  -2.586684e-04  
8.990991e+01  1.175096e-01  3.042153e-04  1.174657e-01  -2.603558e-04  
9.009009e+01  1.354243e-01  3.017468e-04  1.353795e-01  -2.569777e-04  
9.027027e+01  1.556223e-01  2.993031e-04  1.555691e-01  -2.460873e-04  
9.045045e+01  1.774278e-01  2.968836e-04  1.773557e-01  -2.247764e-04  
9.063063e+01  1.993508e-01  2.944881e-04  1.992466e-01  -1.902324e-04  
9.081081e+01  2.189348e-01  2.921164e-04  2.187835e-01  -1.408935e-04  
9.099099e+01  2.330405e-01  2.897683e-04  2.328288e-01  -7.800749e-05  
9.117117e+01  2.387797e-01  2.874462e-04  2.384989e-01  -6.657492e-06  
9.135135e+01  2.347861e-01  2.851441e-04  2.344359e-01  6.503559e-05  
9.153153e+01  2.219364e-01  2.828647e-04  2.215248e-01  1.286956e-04  
9.171171e+01  2.028931e-01  2.806077e-04  2.024337e-01  1.786925e-04  
9.189189e+01  1.808703e-01  2.783729e-04  1.803785e-01  2.133390e-04  
9.207207e+01  1.585538e-01  2.761599e-04  1.580436e-01  2.340614e-04  
9.225225e+01  1.376641e-01  2.739686e-04  1.371463e-01  2.437808e-04  
9.243243e+01  1.190370e-01  2.717987e-04  1.185195e-01  2.456124e-04  
9.261261e+01  1.029039e-01  2.696500e-04  1.023920e-01  2.422027e-04  
9.279279e+01  8.915911e-02  2.675221e-04  8.865600e-02  2.355467e-04  
9.297297e+01  7.754526e-02  2.654149e-04  7.705276e-02  2.270436e-04  
9.315315e+01  6.776086e-02  2.633281e-04  6.727986e-02  2.176282e-04  
9.333333e+01  5.951414e-02  2.612616e-04  5.904493e-02  2.079025e-04  
9.351351e+01  5.254562e-02  2.592149e-04  5.208812e-02  1.982406e-04  
9.369369e+01  4.663456e-02  2.571881e-04  4.618847e-02  1.888806e-04  
9.387387e+01  4.159746e-02  2.551806e-04  4.116234e-02  1.799165e-04  
9.405405e+01  3.728376e-02  2.531924e-04  3.685912e-02  1.714264e-04  
9.423423e+01  3.357066e-02  2.512233e-04  3.315598e-02  1.634331e-04  
9.441441e+01  3.035818e-02  2.492730e-04  2.995295e-02  1.559351e-04  
9.459459e+01  2.756485e-02  2.473414e-04  2.716857e-02  1.489169e-04  
9.477477e+01  2.512416e-02  2.454282e-04  2.473635e-02  1.423548e-04  
9.495495e+01  2.298154e-02  2.435324e-04  2.260176e-02  1.362208e-04  
9.513514e+01  2.109237e-02  2.416562e-04  2.072020e-02  1.304873e-04  
9.531532e+01  1.941937e-02  2.397969e-04  1.905443e-02  1.251238e-04  
9.549550e+01  1.793190e-02  2.379556e-04  1.757382e-02  1.201032e-04  
9.567568e+01  1.660425e-02  2.361312e-04  1.625269e-02  1.153986e-04  
9.585586e+01  1.541496e-02  2.343243e-04  1.506962e-02  1.109855e-04  
9.603604e+01  1.434592e-02  2.325343e-04  1.400652e-02  1.068410e-04  
9.621622e+01  1.338183e-02  2.307612e-04  1.304810e-02  1.029441e-04  
9.639640e+01  1.250969e-02  2.290046e-04  1.218139e-02  9.927548e-05  
9.657658e+01  1.171841e-02  2.272646e-04  1.139530e-02  9.581750e-05  
9.675676e+01  1.099848e-02  2.255408e-04  1.068036e-02  9.255408e-05  
9.693694e+01  1.034174e-02  2.238331e-04  1.002841e-02  8.947054e-05  
9.711712e+01  9.741126e-03  2.221413e-04  9.432410e-03  8.655351e-05  
9.729730e+01  9.190530e-03  2.204652e-04  8.886252e-03  8.379077e-05  
9.747748e+01  8.684635e-03  2.188046e-04  8.384638e-03  8.117123e-05  
9.765766e+01  8.218805e-03  2.171596e-04  7.922940e-03  7.868473e-05  
9.783784e+01  7.788975e-03  2.155296e-04  7.497103e-03  7.632195e-05  
9.801802e+01  7.391583e-03  2.139148e-04  7.103574e-03  7.407444e-05  
9.819820e+01  7.023486e-03  2.123148e-04  6.739217e-03  7.193440e-05  
9.837838e+01  6.681912e-03  2.107296e-04  6.401267e-03  6.989473e-05  
9.855856e+01  6.364402e-03  2.091589e-04  6.087274e-03  6.794889e-05  
9.873874e+01  6.068774e-03  2.076026e-04  5.795061e-03  6.609087e-05  
9.891892e+01  5.793086e-03  2.060606e-04  5.522691e-03  6.431515e-05  
9.909910e+01  5.535608e-03  2.045329e-04  5.268439e-03  6.261669e-05  
9.927928e+01  5.294778e-03  2.030189e-04  5.030749e-03  6.099070e-05  
9.945946e+01  5.069209e-03  2.015187e-04  4.808239e-03  5.943289e-05  
9.963964e+01  4.857648e-03  2.000319e-04  4.599659e-03  5.793921e-05  
9.981982e+01  4.658977e-03  1.985589e-04  4.403893e-03  5.650605e-05  
1.000000e+02  4.472174e-03  1.970992e-04  4.219927e-03  5.512993e-05  
1.001802e+02  4.296328e-03  1.956529e-04  4.046850e-03  5.380775e-05  
1.003604e+02  4.130594e-03  1.942195e-04  3.883820e-03  5.253638e-05  
1.005405e+02  3.974221e-03  1.927990e-04  3.730092e-03  5.131314e-05  
1.007207e+02  3.826524e-03  1.913912e-04  3.584980e-03  5.013546e-05  
1.009009e+02  3.686864e-03  1.899954e-04  3.447851e-03  4.900081e-05  
1.010811e+02  3.554691e-03  1.886124e-04  3.318154e-03  4.790719e-05  
1.012613e+02  3.429477e-03  1.872419e-04  3.195366e-03  4.685246e-05  
1.014414e+02  3.310747e-03  1.858836e-04  3.079012e-03  4.583468e-05  
1.016216e+02  3.198049e-03  1.845368e-04  2.968644e-03  4.485184e-05  
1.018018e+02  3.091021e-03  1.832034e-04  2.863898e-03  4.390276e-05  
1.019820e+02  2.989263e-03  1.818817e-04  2.764379e-03  4.298541e-05  
1.021622e+02  2.892423e-03  1.805705e-04  2.669739e-03  4.209813e-05  
1.023423e+02  2.800217e-03  1.792716e-04  2.579690e-03  4.123988e-05  
1.025225e+02  2.712347e-03  1.779842e-04  2.493938e-03  4.040920e-05  
1.027027e+02  2.628546e-03  1.767082e-04  2.412217e-03  3.960484e-05  
1.028829e+02  2.548566e-03  1.754434e-04  2.334282e-03  3.882563e-05  
1.030631e+02  2.472183e-03  1.741898e-04  2.259908e-03  3.807048e-05  
1.032432e+02  2.399184e-03  1.729473e-04  2.188884e-03  3.733834e-05  
1.034234e+02  2.329372e-03  1.717156e-04  2.121013e-03  3.662821e-05  
1.036036e+02  2.262565e-03  1.704948e-04  2.056117e-03  3.593917e-05  
1.037838e+02  2.198593e-03  1.692845e-04  1.994023e-03  3.527032e-05  
1.039640e+02  2.137299e-03  1.680849e-04  1.934578e-03  3.462084e-05  
1.041441e+02  2.078535e-03  1.668957e-04  1.877635e-03  3.398994e-05  
1.043243e+02  2.022165e-03  1.657169e-04  1.823057e-03  3.337688e-05  
1.045045e+02  1.968061e-03  1.645483e-04  1.770718e-03  3.278096e-05  
1.046847e+02  1.916107e-03  1.633902e-04  1.720501e-03  3.220154e-05  
1.048649e+02  1.866181e-03  1.622416e-04  1.672287e-03  3.163784e-05  
1.050450e+02  1.818187e-03  1.611031e-04  1.625981e-03  3.108940e-05  
1.052252e+02  1.772024e-03  1.599744e-04  1.581480e-03  3.055558e-05  
1.054054e+02  1.727604e-03  1.588557e-04  1.538699e-03  3.003592e-05  
1.055856e+02  1.684836e-03  1.577465e-04  1.497546e-03  2.952978e-05  
1.057658e+02  1.643640e-03  1.566468e-04  1.457943e-03  2.903672e-05  
1.059459e+02  1.603940e-03  1.555565e-04  1.419815e-03  2.855626e-05  
1.061261e+02  1.565667e-03  1.544757e-04  1.383091e-03  2.808797e-05  
1.063063e+02  1.528750e-03  1.534041e-04  1.347702e-03  2.763139e-05  
1.064865e+02  1.493127e-03  1.523415e-04  1.313586e-03  2.718610e-05  
1.066667e+02  1.458737e-03  1.512881e-04  1.280685e-03  2.675174e-05  
1.068468e+02  1.425526e-03  1.502435e-04  1.248942e-03  2.632792e-05  
1.070270e+02  1.393439e-03  1.492079e-04  1.218305e-03  2.591430e-05  
1.072072e+02  1.362426e-03  1.481810e-04  1.188723e-03  2.551052e-05  
1.073874e+02  1.332440e-03  1.471628e-04  1.160149e-03  2.511625e-05  
1.075676e+02  1.303435e-03  1.461531e-04  1.132539e-03  2.473117e-05  
1.077477e+02  1.275371e-03  1.451521e-04  1.105852e-03  2.435503e-05  
1.079279e+02  1.248205e-03  1.441712e-04  1.080047e-03  2.398750e-05  
1.081081e+02  1.221901e-03  1.431868e-04  1.055086e-03  2.362833e-05  
1.082883e+02  1.196422e-03  1.422107e-04  1.030934e-03  2.327723e-05  
1.084685e+02  1.171734e-03  1.412428e-04  1.007557e-03  2.293397e-05  
1.086486e+02  1.147804e-03  1.402830e-04  9.849226e-04  2.259829e-05  
1.088288e+02  1.124602e-03  1.393313e-04  9.630004e-04  2.226997e-05  
1.090090e+02  1.102097e-03  1.383874e-04  9.417609e-04  2.194877e-05  
1.091892e+02  1.080263e-03  1.374515e-04  9.211771e-04  2.163450e-05  
1.093694e+02  1.059073e-03  1.365233e-04  9.012228e-04  2.132693e-05  
1.095495e+02  1.038502e-03  1.356029e-04  8.818735e-04  2.102589e-05  
1.097297e+02  1.018526e-03  1.346901e-04  8.631045e-04  2.073116e-05  
1.099099e+02  9.991213e-04  1.337849e-04  8.448939e-04  2.044256e-05  
1.100901e+02  9.802668e-04  1.328871e-04  8.272198e-04  2.015993e-05  
1.102703e+02  9.619423e-04  1.319967e-04  8.100625e-04  1.988309e-05  
1.104505e+02  9.441275e-04  1.311137e-04  7.934019e-04  1.961187e-05  
1.106306e+02  9.268036e-04  1.302380e-04  7.772195e-04  1.934613e-05  
1.108108e+02  9.099527e-04  1.293694e-04  7.614976e-04  1.908570e-05  
1.109910e+02  8.935577e-04  1.285080e-04  7.462193e-04  1.883044e-05  
1.111712e+02  8.776021e-04  1.276536e-04  7.313683e-04  1.858020e-05  
1.113514e+02  8.620704e-04  1.268062e-04  7.169293e-04  1.833487e-05  
1.115315e+02  8.469475e-04  1.259657e-04  7.028875e-04  1.809429e-05  
1.117117e+02  8.322192e-04  1.251321e-04  6.892287e-04  1.785834e-05  
1.118919e+02  8.178716e-04  1.243053e-04  6.759394e-04  1.762691e-05  
1.120721e+02  8.038919e-04  1.234852e-04  6.630068e-04  1.739987e-05  
1.122523e+02  7.902674e-04  1.226717e-04  6.504186e-04  1.717711e-05  
1.124324e+02  7.769861e-04  1.218649e-04  6.381627e-04  1.695851e-05  
1.126126e+02  7.640364e-04  1.210645e-04  6.262279e-04  1.674398e-05  
1.127928e+02  7.514074e-04  1.202707e-04  6.146033e-04  1.653340e-05  
1.129730e+02  7.390884e-04  1.194832e-04  6.032785e-04  1.632668e-05  
1.131532e+02  7.270688e-04  1.187020e-04  5.922432e-04  1.612371e-05  
1.133333e+02  7.153402e-04  1.179271e-04  5.814886e-04  1.592442e-05  
1.135135e+02  7.038923e-04  1.171585e-04  5.710051e-04  1.572871e-05  
1.136937e+02  6.927163e-04  1.163960e-04  5.607838e-04  1.553648e-05  
1.138739e+02  6.818038e-04  1.156397e-04  5.508164e-04  1.534766e-05  
1.140541e+02  6.711462e-04  1.148894e-04  5.410946e-04  1.516216e-05  
1.142342e+02  6.607356e-04  1.141451e-04  5.316107e-04  1.497990e-05  
1.144144e+02  6.505644e-04  1.134066e-04  5.223569e-04  1.480081e-05  
1.145946e+02  6.406254e-04  1.126741e-04  5.133265e-04  1.462480e-05  
1.147748e+02  6.309114e-04  1.119474e-04  5.045122e-04  1.445182e-05  
1.149550e+02  6.214156e-04  1.112265e-04  4.959074e-04  1.428178e-05  
1.151351e+02  6.121315e-04  1.105113e-04  4.875056e-04  1.411462e-05  
1.153153e+02  6.030528e-04  1.098017e-04  4.793008e-04  1.395027e-05  
1.154955e+02  5.941733e-04  1.090977e-04  4.712869e-04  1.378867e-05  
1.156757e+02  5.854873e-04  1.083993e-04  4.634582e-04  1.362975e-05  
1.158559e+02  5.769891e-04  1.077064e-04  4.558093e-04  1.347346e-05  
1.160360e+02  5.686734e-04  1.070189e-04  4.483347e-04  1.331974e-05  
1.162162e+02  5.605348e-04  1.063368e-04  4.410294e-04  1.316852e-05  
1.163964e+02  5.525683e-04  1.056601e-04  4.338884e-04  1.301976e-05  
1.165766e+02  5.447690e-04  1.049886e-04  4.269069e-04  1.287339e-05  
1.167568e+02  5.371323e-04  1.043224e-04  4.200805e-04  1.272938e-05  
1.169369e+02  5.296537e-04  1.036614e-04  4.134046e-04  1.258766e-05  
1.171171e+02  5.223287e-04  1.030056e-04  4.068750e-04  1.244819e-05  
1.172973e+02  5.151532e-04  1.023548e-04  4.004874e-04  1.231091e-05  
1.174775e+02  5.081231e-04  1.017091e-04  3.942381e-04  1.217579e-05  
1.176577e+02  5.012344e-04  1.010685e-04  3.881231e-04  1.204278e-05  
1.178378e+02  4.944833e-04  1.004327e-04  3.821387e-04  1.191182e-05  
1.180180e+02  4.878661e-04  9.980193e-05  3.762813e-04  1.178289e-05  
1.181982e+02  4.813793e-04  9.917599e-05  3.705474e-04  1.165593e-05  
1.183784e+02  4.750195e-04  9.855488e-05  3.649337e-04  1.153091e-05  
1.185586e+02  4.687833e-04  9.793856e-05  3.594370e-04  1.140779e-05  
1.187387e+02  4.626675e-04  9.732696e-05  3.540540e-04  1.128653e-05  
1.189189e+02  4.566690e-04  9.672008e-05  3.487818e-04  1.116708e-05  
1.190991e+02  4.507848e-04  9.611783e-05  3.436175e-04  1.104942e-05  
1.192793e+02  4.450119e-04  9.552019e-05  3.385582e-04  1.093350e-05  
1.194595e+02  4.393476e-04  9.492713e-05  3.336012e-04  1.081930e-05  
1.196396e+02  4.337892e-04  9.433860e-05  3.287438e-04  1.070678e-05  
1.198198e+02  4.283337e-04  9.375453e-05  3.239833e-04  1.059590e-05  
1.200000e+02  4.229790e-04  9.317492e-05  3.193175e-04  1.048664e-05  
1.201802e+02  4.177225e-04  9.259973e-05  3.147438e-04  1.037896e-05  
1.203604e+02  4.125615e-04  9.202888e-05  3.102598e-04  1.027283e-05  
1.205405e+02  4.074939e-04  9.146233e-05  3.058633e-04  1.016822e-05  
1.207207e+02  4.025175e-04  9.090011e-05  3.015523e-04  1.006510e-05  
1.209009e+02  3.976300e-04  9.034214e-05  2.973244e-04  9.963454e-06  
1.210811e+02  3.928293e-04  8.978835e-05  2.931777e-04  9.863237e-06  
1.212613e+02  3.881132e-04  8.923874e-05  2.891101e-04  9.764429e-06  
1.214414e+02  3.834799e-04  8.869325e-05  2.851196e-04  9.667002e-06  
1.216216e+02  3.789274e-04  8.815188e-05  2.812046e-04  9.570936e-06  
1.218018e+02  3.744538e-04  8.761458e-05  2.773630e-04  9.476200e-06  
1.219820e+02  3.700572e-04  8.708127e-05  2.735932e-04  9.382769e-06  
1.221622e+02  3.657357e-04  8.655191e-05  2.698932e-04  9.290617e-06  
1.223423e+02  3.614882e-04  8.602663e-05  2.662619e-04  9.199737e-06  
1.225225e+02  3.573124e-04  8.550520e-05  2.626971e-04  9.110087e-06  
1.227027e+02  3.532066e-04  8.498761e-05  2.591974e-04  9.021646e-06  
1.228829e+02  3.491699e-04  8.447396e-05  2.557615e-04  8.934407e-06  
1.230631e+02  3.452001e-04  8.396408e-05  2.523877e-04  8.848335e-06  
1.232432e+02  3.412959e-04  8.345798e-05  2.490745e-04  8.763413e-06  
1.234234e+02  3.374560e-04  8.295564e-05  2.458207e-04  8.679621e-06  
1.236036e+02  3.336786e-04  8.245695e-05  2.426247e-04  8.596933e-06  
1.237838e+02  3.299630e-04  8.196207e-05  2.394856e-04  8.515349e-06  
1.239640e+02  3.263073e-04  8.147079e-05  2.364017e-04  8.434829e-06  
1.241441e+02  3.227103e-04  8.098311e-05  2.333718e-04  8.355361e-06  
1.243243e+02  3.191708e-04  8.049902e-05  2.303948e-04  8.276928e-06  
1.245045e+02  3.156875e-04  8.001848e-05  2.274695e-04  8.199510e-06  
1.246847e+02  3.122594e-04  7.954149e-05  2.245948e-04  8.123095e-06  
1.248649e+02  3.088851e-04  7.906797e-05  2.217695e-04  8.047659e-06  
1.250450e+02  3.055635e-04  7.859790e-05  2.189924e-04  7.973187e-06  
1.252252e+02  3.022936e-04  7.813127e-05  2.162627e-04  7.899666e-06  
1.254054e+02  2.990743e-04  7.766806e-05  2.135792e-04  7.827078e-06  
1.255856e+02  2.959045e-04  7.720821e-05  2.109409e-04  7.755407e-06  
1.257658e+02  2.927832e-04  7.675171e-05  2.083469e-04  7.684639e-06  
1.259459e+02  2.897095e-04  7.629852e-05  2.057962e-04  7.614758e-06  
1.261261e+02  2.866823e-04  7.584862e-05  2.032879e-04  7.545748e-06  
1.263063e+02  2.837007e-04  7.540198e-05  2.008211e-04  7.477598e-06  
1.264865e+02  2.807637e-04  7.495857e-05  1.983949e-04  7.410292e-06  
1.266667e+02  2.778706e-04  7.451836e-05  1.960084e-04  7.343816e-06  
1.268468e+02  2.750205e-04  7.408136e-05  1.936610e-04  7.278159e-06  
1.270270e+02  2.722127e-04  7.364758e-05  1.913518e-04  7.213313e-06  
1.272072e+02  2.694461e-04  7.321690e-05  1.890799e-04  7.149257e-06  
1.273874e+02  2.667199e-04  7.278932e-05  1.868446e-04  7.085978e-06  
1.275676e+02  2.640333e-04  7.236478e-05  1.846450e-04  7.023463e-06  
1.277477e+02  2.613855e-04  7.194330e-05  1.824805e-04  6.961702e-06  
1.279279e+02  2.587758e-04  7.152482e-05  1.803503e-04  6.900683e-06  
1.281081e+02  2.562035e-04  7.110932e-05  1.782537e-04  6.840391e-06  
1.282883e+02  2.536678e-04  7.069680e-05  1.761902e-04  6.780820e-06  
1.284685e+02  2.511681e-04  7.028721e-05  1.741589e-04  6.721955e-06  
1.286486e+02  2.487037e-04  6.988054e-05  1.721593e-04  6.663786e-06  
1.288288e+02  2.462738e-04  6.947676e-05  1.701908e-04  6.606302e-06  
1.290090e+02  2.438780e-04  6.907583e-05  1.682526e-04  6.549493e-06  
1.291892e+02  2.415154e-04  6.867775e-05  1.663443e-04  6.493349e-06  
1.293694e+02  2.391855e-04  6.828248e-05  1.644652e-04  6.437858e-06  
1.295495e+02  2.368877e-04  6.788998e-05  1.626147e-04  6.383009e-06  
1.297297e+02  2.346214e-04  6.750027e-05  1.607923e-04  6.328797e-06  
1.299099e+02  2.323861e-04  6.711331e-05  1.589976e-04  6.275209e-06  
1.300901e+02  2.301811e-04  6.672907e-05  1.572298e-04  6.222237e-06  
1.302703e+02  2.280060e-04  6.634756e-05  1.554886e-04  6.169874e-06  
1.304505e+02  2.258602e-04  6.596870e-05  1.537734e-04  6.118105e-06  
1.306306e+02  2.237430e-04  6.559248e-05  1.520836e-04  6.066924e-06  
1.308108e+02  2.216541e-04  6.521890e-05  1.504188e-04  6.016323e-06  
1.309910e+02  2.195929e-04  6.484794e-05  1.487787e-04  5.966293e-06  
1.311712e+02  2.175590e-04  6.447957e-05  1.471626e-04  5.916825e-06  
1.313514e+02  2.155518e-04  6.411376e-05  1.455701e-04  5.867912e-06  
1.315315e+02  2.135709e-04  6.375048e-05  1.440008e-04  5.819544e-06  
1.317117e+02  2.116158e-04  6.338974e-05  1.424543e-04  5.771715e-06  
1.318919e+02  2.096862e-04  6.303153e-05  1.409302e-04  5.724419e-06  
1.320721e+02  2.077814e-04  6.267577e-05  1.394280e-04  5.677642e-06  
1.322523e+02  2.059012e-04  6.232249e-05  1.379473e-04  5.631383e-06  
1.324324e+02  2.040450e-04  6.197165e-05  1.364878e-04  5.585630e-06  
1.326126e+02  2.022126e-04  6.162322e-05  1.350490e-04  5.540378e-06  
1.327928e+02  2.004034e-04  6.127721e-05  1.336305e-04  5.495620e-06  
1.329730e+02  1.986171e-04  6.093357e-05  1.322321e-04  5.451349e-06  
1.331532e+02  1.968532e-04  6.059230e-05  1.308534e-04  5.407558e-06  
1.333333e+02  1.951116e-04  6.025338e-05  1.294939e-04  5.364239e-06  
1.335135e+02  1.933916e-04  5.991678e-05  1.281535e-04  5.321387e-06  
1.336937e+02  1.916928e-04  5.958241e-05  1.268314e-04  5.278988e-06  
1.338739e+02  1.900153e-04  5.925039e-05  1.255278e-04  5.237048e-06  
1.340541e+02  1.883585e-04  5.892068e-05  1.242423e-04  5.195559e-06  
1.342342e+02  1.867223e-04  5.859329e-05  1.229745e-04  5.154516e-06  
1.344144e+02  1.851058e-04  5.826803e-05  1.217239e-04  5.113900e-06  
1.345946e+02  1.835091e-04  5.794500e-05  1.204903e-04  5.073714e-06  
1.347748e+02  1.819318e-04  5.762421e-05  1.192736e-04  5.033955e-06  
1.349550e+02  1.803735e-04  5.730556e-05  1.180733e-04  4.994610e-06  
1.351351e+02  1.788337e-04  5.698900e-05  1.168890e-04  4.955670e-06  
1.353153e+02  1.773126e-04  5.667465e-05  1.157208e-04  4.917143e-06  
1.354955e+02  1.758096e-04  5.636243e-05  1.145682e-04  4.879016e-06  
1.356757e+02  1.743245e-04  5.605232e-05  1.134309e-04  4.841284e-06  
1.358559e+02  1.728570e-04  5.574430e-05  1.123088e-04  4.803943e-06  
1.360360e+02  1.714069e-04  5.543839e-05  1.112015e-04  4.766989e-06  
1.362162e+02  1.699737e-04  5.513451e-05  1.101088e-04  4.730412e-06  
1.363964e+02  1.685573e-04  5.483267e-05  1.090305e-04  4.694210e-06  
1.365766e+02  1.671574e-04  5.453283e-05  1.079662e-04  4.658375e-06  
1.367568e+02  1.657738e-04  5.423502e-05  1.069158e-04  4.622907e-06  
1.369369e+02  1.644061e-04  5.393921e-05  1.058791e-04  4.587799e-06  
1.371171e+02  1.630544e-04  5.364541e-05  1.048559e-04  4.553049e-06  
1.372973e+02  1.617180e-04  5.335354e-05  1.038458e-04  4.518648e-06  
1.374775e+02  1.603970e-04  5.306362e-05  1.028488e-04  4.484592e-06  
1.376577e+02  1.590910e-04  5.277564e-05  1.018645e-04  4.450879e-06  
1.378378e+02  1.577999e-04  5.248957e-05  1.008928e-04  4.417503e-06  
1.380180e+02  1.565233e-04  5.220540e-05  9.993342e-05  4.384460e-06  
1.381982e+02  1.552611e-04  5.192313e-05  9.898625e-05  4.351746e-06  
1.383784e+02  1.540131e-04  5.164272e-05  9.805103e-05  4.319355e-06  
1.385586e+02  1.527790e-04  5.136416e-05  9.712758e-05  4.287285e-06  
1.387387e+02  1.515587e-04  5.108745e-05  9.621575e-05  4.255532e-06  
1.389189e+02  1.503520e-04  5.081259e-05  9.531535e-05  4.224092e-06  
1.390991e+02  1.491587e-04  5.053955e-05  9.442620e-05  4.192962e-06  
1.392793e+02  1.479785e-04  5.026829e-05  9.354806e-05  4.162134e-06  
1.394595e+02  1.468112e-04  4.999881e-05  9.268080e-05  4.131607e-06  
1.396396e+02  1.456567e-04  4.973112e-05  9.182425e-05  4.101378e-06  
1.398198e+02  1.445148e-04  4.946515e-05  9.097819e-05  4.071439e-06  
1.400000e+02  1.433853e-04  4.920096e-05  9.014256e-05  4.041793e-06  
1.401802e+02  1.422681e-04  4.893849e-05  8.931713e-05  4.012432e-06  
1.403604e+02  1.411628e-04  4.867773e-05  8.850174e-05  3.983352e-06  
1.405405e+02  1.400695e-04  4.841867e-05  8.769625e-05  3.954552e-06  
1.407207e+02  1.389879e-04  4.816132e-05  8.690053e-05  3.926028e-06  
1.409009e+02  1.379178e-04  4.790564e-05  8.611440e-05  3.897776e-06  
1.410811e+02  1.368591e-04  4.765162e-05  8.533773e-05  3.869793e-06  
1.412613e+02  1.358117e-04  4.739926e-05  8.457036e-05  3.842076e-06  
1.414414e+02  1.347753e-04  4.714854e-05  8.381216e-05  3.814621e-06  
1.416216e+02  1.337499e-04  4.689946e-05  8.306303e-05  3.787426e-06  
1.418018e+02  1.327353e-04  4.665199e-05  8.232278e-05  3.760488e-06  
1.419820e+02  1.317311e-04  4.640609e-05  8.159123e-05  3.733800e-06  
1.421622e+02  1.307374e-04  4.616178e-05  8.086831e-05  3.707361e-06  
1.423423e+02  1.297541e-04  4.591905e-05  8.015389e-05  3.681170e-06  
1.425225e+02  1.287809e-04  4.567787e-05  7.944783e-05  3.655222e-06  
1.427027e+02  1.278178e-04  4.543824e-05  7.875000e-05  3.629514e-06  
1.428829e+02  1.268645e-04  4.520015e-05  7.806030e-05  3.604045e-06  
1.430631e+02  1.259210e-04  4.496359e-05  7.737861e-05  3.578811e-06  
1.432432e+02  1.249872e-04  4.472856e-05  7.670482e-05  3.553811e-06  
1.434234e+02  1.240629e-04  4.449503e-05  7.603882e-05  3.529041e-06  
1.436036e+02  1.231480e-04  4.426300e-05  7.538047e-05  3.504498e-06  
1.437838e+02  1.222423e-04  4.403245e-05  7.472968e-05  3.480179e-06  
1.439640e+02  1.213458e-04  4.380336e-05  7.408632e-05  3.456082e-06  
1.441441e+02  1.204583e-04  4.357575e-05  7.345031e-05  3.432206e-06  
1.443243e+02  1.195797e-04  4.334960e-05  7.282155e-05  3.408547e-06  
1.445045e+02  1.187099e-04  4.312487e-05  7.219989e-05  3.385101e-06  
1.446847e+02  1.178487e-04  4.290158e-05  7.158526e-05  3.361868e-06  
1.448649e+02  1.169961e-04  4.267971e-05  7.097757e-05  3.338845e-06  
1.450450e+02  1.161520e-04  4.245925e-05  7.037670e-05  3.316028e-06  
1.452252e+02  1.153162e-04  4.224018e-05  6.978256e-05  3.293417e-06  
1.454054e+02  1.144886e-04  4.202250e-05  6.919505e-05  3.271008e-06  
1.455856e+02  1.136691e-04  4.180620e-05  6.861409e-05  3.248799e-06  
1.457658e+02  1.128576e-04  4.159124e-05  6.803955e-05  3.226787e-06  
1.459459e+02  1.120541e-04  4.137768e-05  6.747142e-05  3.204973e-06  
1.461261e+02  1.112583e-04  4.116544e-05  6.690954e-05  3.183351e-06  
1.463063e+02  1.104703e-04  4.095455e-05  6.635385e-05  3.161921e-06  
1.464865e+02  1.096899e-04  4.074497e-05  6.580424e-05  3.140679e-06  
1.466667e+02  1.089170e-04  4.053671e-05  6.526066e-05  3.119625e-06  
1.468468e+02  1.081515e-04  4.032976e-05  6.472301e-05  3.098756e-06  
1.470270e+02  1.073933e-04  4.012408e-05  6.419117e-05  3.078067e-06  
1.472072e+02  1.066425e-04  3.991973e-05  6.366516e-05  3.057563e-06  
1.473874e+02  1.058987e-04  3.971664e-05  6.314482e-05  3.037237e-06  
1.475676e+02  1.051620e-04  3.951481e-05  6.263007e-05  3.017086e-06  
1.477477e+02  1.044323e-04  3.931426e-05  6.212089e-05  2.997112e-06  
1.479279e+02  1.037094e-04  3.911493e-05  6.161715e-05  2.977309e-06  
1.481081e+02  1.029933e-04  3.891686e-05  6.111881e-05  2.957679e-06  
1.482883e+02  1.022840e-04  3.872001e-05  6.062577e-05  2.938217e-06  
1.484685e+02  1.015813e-04  3.852439e-05  6.013799e-05  2.918923e-06  
1.486486e+02  1.008851e-04  3.832996e-05  5.965535e-05  2.899793e-06  
1.488288e+02  1.001954e-04  3.813675e-05  5.917783e-05  2.880828e-06  
1.490090e+02  9.951212e-05  3.794473e-05  5.870536e-05  2.862025e-06  
1.491892e+02  9.883514e-05  3.775390e-05  5.823786e-05  2.843382e-06  
1.493694e+02  9.816440e-05  3.756425e-05  5.777525e-05  2.824897e-06  
1.495495e+02  9.749982e-05  3.737576e-05  5.731749e-05  2.806570e-06  
1.497297e+02  9.684134e-05  3.718844e-05  5.686450e-05  2.788398e-06  
1.499099e+02  9.618888e-05  3.700227e-05  5.641623e-05  2.770379e-06  
1.500901e+02  9.554236e-05  3.681724e-05  5.597261e-05  2.752512e-06  
1.502703e+02  9.490175e-05  3.663336e-05  5.553360e-05  2.734796e-06  
1.504505e+02  9.426691e-05  3.645059e-05  5.509910e-05  2.717228e-06  
1.506306e+02  9.363780e-05  3.626893e-05  5.466906e-05  2.699806e-06  
1.508108e+02  9.301434e-05  3.608838e-05  5.424343e-05  2.682530e-06  
1.509910e+02  9.239653e-05  3.590895e-05  5.382218e-05  2.665399e-06  
1.511712e+02  9.178424e-05  3.573061e-05  5.340522e-05  2.648410e-06  
1.513514e+02  9.117743e-05  3.555335e-05  5.299252e-05  2.631561e-06  
1.515315e+02  9.057598e-05  3.537716e-05  5.258398e-05  2.614852e-06  
1.517117e+02  8.997993e-05  3.520205e-05  5.217960e-05  2.598281e-06  
1.518919e+02  8.938919e-05  3.502802e-05  5.177932e-05  2.581848e-06  
1.520721e+02  8.880364e-05  3.485503e-05  5.138306e-05  2.565549e-06  
1.522523e+02  8.822326e-05  3.468309e-05  5.099079e-05  2.549384e-06  
1.524324e+02  8.764798e-05  3.451219e-05  5.060245e-05  2.533352e-06  
1.526126e+02  8.707775e-05  3.434232e-05  5.021798e-05  2.517450e-06  
1.527928e+02  8.651252e-05  3.417348e-05  4.983737e-05  2.501679e-06  
1.529730e+02  8.595226e-05  3.400567e-05  4.946055e-05  2.486036e-06  
1.531532e+02  8.539683e-05  3.383886e-05  4.908745e-05  2.470520e-06  
1.533333e+02  8.484622e-05  3.367304e-05  4.871804e-05  2.455129e-06  
1.535135e+02  8.430044e-05  3.350826e-05  4.835232e-05  2.439865e-06  
1.536937e+02  8.375928e-05  3.334441e-05  4.799014e-05  2.424721e-06  
1.538739e+02  8.322285e-05  3.318159e-05  4.763156e-05  2.409701e-06  
1.540541e+02  8.269092e-05  3.301969e-05  4.727643e-05  2.394798e-06  
1.542342e+02  8.216360e-05  3.285878e-05  4.692480e-05  2.380017e-06  
1.544144e+02  8.164080e-05  3.269884e-05  4.657661e-05  2.365355e-06  
1.545946e+02  8.112246e-05  3.253986e-05  4.623180e-05  2.350809e-06  
1.547748e+02  8.060853e-05  3.238182e-05  4.589033e-05  2.336379e-06  
1.549550e+02  8.009896e-05  3.222472e-05  4.555218e-05  2.322065e-06  
1.551351e+02  7.959375e-05  3.206858e-05  4.521731e-05  2.307865e-06  
1.553153e+02  7.909276e-05  3.191335e-05  4.488564e-05  2.293776e-06  
1.554955e+02  7.859598e-05  3.175903e-05  4.455715e-05  2.279799e-06  
1.556757e+02  7.810338e-05  3.160564e-05  4.423181e-05  2.265932e-06  
1.558559e+02  7.761491e-05  3.145315e-05  4.390958e-05  2.252175e-06  
1.560360e+02  7.713052e-05  3.130156e-05  4.359043e-05  2.238525e-06  
1.562162e+02  7.665016e-05  3.115087e-05  4.327431e-05  2.224983e-06  
1.563964e+02  7.617382e-05  3.100108e-05  4.296120e-05  2.211547e-06  
1.565766e+02  7.570141e-05  3.085216e-05  4.265103e-05  2.198215e-06  
1.567568e+02  7.523290e-05  3.070412e-05  4.234380e-05  2.184987e-06  
1.569369e+02  7.476826e-05  3.055694e-05  4.203946e-05  2.171862e-06  
1.571171e+02  7.430747e-05  3.041064e-05  4.173799e-05  2.158840e-06  
1.572973e+02  7.385045e-05  3.026519e-05  4.143934e-05  2.145918e-06  
1.574775e+02  7.339715e-05  3.012059e-05  4.114347e-05  2.133095e-06  
1.576577e+02  7.294758e-05  2.997684e-05  4.085037e-05  2.120372e-06  
1.578378e+02  7.250166e-05  2.983393e-05  4.055998e-05  2.107747e-06  
1.580180e+02  7.205938e-05  2.969185e-05  4.027231e-05  2.095219e-06  
1.581982e+02  7.162069e-05  2.955061e-05  3.998729e-05  2.082787e-06  
1.583784e+02  7.118555e-05  2.941019e-05  3.970492e-05  2.070450e-06  
1.585586e+02  7.075394e-05  2.927059e-05  3.942514e-05  2.058208e-06  
1.587387e+02  7.032582e-05  2.913181e-05  3.914795e-05  2.046059e-06  
1.589189e+02  6.990112e-05  2.899382e-05  3.887330e-05  2.034003e-06  
1.590991e+02  6.947985e-05  2.885664e-05  3.860116e-05  2.022038e-06  
1.592793e+02  6.906192e-05  2.872025e-05  3.833150e-05  2.010164e-06  
1.594595e+02  6.864735e-05  2.858466e-05  3.806431e-05  1.998380e-06  
1.596396e+02  6.823605e-05  2.844984e-05  3.779953e-05  1.986685e-06  
1.598198e+02  6.782794e-05  2.831576e-05  3.753710e-05  1.975075e-06  
1.600000e+02  6.742306e-05  2.818246e-05  3.727705e-05  1.963552e-06  
1.601802e+02  6.702140e-05  2.804993e-05  3.701935e-05  1.952116e-06  
1.603604e+02  6.662291e-05  2.791816e-05  3.676398e-05  1.940767e-06  
1.605405e+02  6.622757e-05  2.778716e-05  3.651091e-05  1.929502e-06  
1.607207e+02  6.583533e-05  2.765691e-05  3.626010e-05  1.918321e-06  
1.609009e+02  6.544616e-05  2.752740e-05  3.601153e-05  1.907224e-06  
1.610811e+02  6.506005e-05  2.739864e-05  3.576520e-05  1.896210e-06  
1.612613e+02  6.467696e-05  2.727062e-05  3.552105e-05  1.885277e-06  
1.614414e+02  6.429685e-05  2.714334e-05  3.527908e-05  1.874426e-06  
1.616216e+02  6.391971e-05  2.701679e-05  3.503926e-05  1.863655e-06  
1.618018e+02  6.354549e-05  2.689096e-05  3.480157e-05  1.852964e-06  
1.619820e+02  6.317417e-05  2.676584e-05  3.456597e-05  1.842352e-06  
1.621622e+02  6.280573e-05  2.664145e-05  3.433246e-05  1.831819e-06  
1.623423e+02  6.244011e-05  2.651776e-05  3.410099e-05  1.821362e-06  
1.625225e+02  6.207730e-05  2.639477e-05  3.387155e-05  1.810982e-06  
1.627027e+02  6.171728e-05  2.627249e-05  3.364412e-05  1.800678e-06  
1.628829e+02  6.136003e-05  2.615090e-05  3.341868e-05  1.790450e-06  
1.630631e+02  6.100550e-05  2.603000e-05  3.319521e-05  1.780296e-06  
1.632432e+02  6.065368e-05  2.590978e-05  3.297368e-05  1.770217e-06  
1.634234e+02  6.030454e-05  2.579025e-05  3.275408e-05  1.760211e-06  
1.636036e+02  5.995805e-05  2.567140e-05  3.253638e-05  1.750277e-06  
1.637838e+02  5.961419e-05  2.555321e-05  3.232056e-05  1.740416e-06  
1.639640e+02  5.927292e-05  2.543570e-05  3.210660e-05  1.730626e-06  
1.641441e+02  5.893424e-05  2.531885e-05  3.189449e-05  1.720907e-06  
1.643243e+02  5.859810e-05  2.520265e-05  3.168419e-05  1.711257e-06  
1.645045e+02  5.826449e-05  2.508711e-05  3.147570e-05  1.701678e-06  
1.646847e+02  5.793336e-05  2.497222e-05  3.126898e-05  1.692166e-06  
1.648649e+02  5.760473e-05  2.485797e-05  3.106404e-05  1.682724e-06  
1.650450e+02  5.727856e-05  2.474437e-05  3.086084e-05  1.673349e-06  
1.652252e+02  5.695481e-05  2.463140e-05  3.065937e-05  1.664041e-06  
1.654054e+02  5.663347e-05  2.451907e-05  3.045960e-05  1.654799e-06  
1.655856e+02  5.631451e-05  2.440736e-05  3.026153e-05  1.645623e-06  
1.657658e+02  5.599792e-05  2.429628e-05  3.006512e-05  1.636513e-06  
1.659459e+02  5.568366e-05  2.418582e-05  2.987038e-05  1.627467e-06  
1.661261e+02  5.537172e-05  2.407597e-05  2.967727e-05  1.618485e-06  
1.663063e+02  5.506208e-05  2.396673e-05  2.948578e-05  1.609567e-06  
1.664865e+02  5.475470e-05  2.385810e-05  2.929589e-05  1.600711e-06  
1.666667e+02  5.444957e-05  2.375008e-05  2.910758e-05  1.591918e-06  
1.668468e+02  5.414669e-05  2.364265e-05  2.892085e-05  1.583187e-06  
1.670270e+02  5.384601e-05  2.353582e-05  2.873567e-05  1.574517e-06  
1.672072e+02  5.354754e-05  2.342959e-05  2.855204e-05  1.565909e-06  
1.673874e+02  5.325123e-05  2.332394e-05  2.836992e-05  1.557360e-06  
1.675676e+02  5.295707e-05  2.321888e-05  2.818932e-05  1.548872e-06  
1.677477e+02  5.266504e-05  2.311440e-05  2.801020e-05  1.540442e-06  
1.679279e+02  5.237511e-05  2.301049e-05  2.783255e-05  1.532071e-06  
1.681081e+02  5.208728e-05  2.290716e-05  2.765637e-05  1.523759e-06  
1.682883e+02  5.180153e-05  2.280439e-05  2.748163e-05  1.515504e-06  
1.684685e+02  5.151780e-05  2.270218e-05  2.730831e-05  1.507305e-06  
1.686486e+02  5.123615e-05  2.260055e-05  2.713643e-05  1.499165e-06  
1.688288e+02  5.095649e-05  2.249947e-05  2.696594e-05  1.491080e-06  
1.690090e+02  5.067884e-05  2.239895e-05  2.679684e-05  1.483051e-06  
1.691892e+02  5.040315e-05  2.229897e-05  2.662911e-05  1.475077e-06  
1.693694e+02  5.012944e-05  2.219954e-05  2.646274e-05  1.467159e-06  
1.695495e+02  4.985767e-05  2.210066e-05  2.629772e-05  1.459294e-06  
1.697297e+02  4.958782e-05  2.200231e-05  2.613403e-05  1.451484e-06  
1.699099e+02  4.931986e-05  2.190449e-05  2.597164e-05  1.443726e-06  
1.700901e+02  4.905380e-05  2.180722e-05  2.581057e-05  1.436021e-06  
1.702703e+02  4.878961e-05  2.171046e-05  2.565078e-05  1.428369e-06  
1.704505e+02  4.852729e-05  2.161424e-05  2.549228e-05  1.420769e-06  
1.706306e+02  4.826681e-05  2.151854e-05  2.533505e-05  1.413221e-06  
1.708108e+02  4.800816e-05  2.142336e-05  2.517907e-05  1.405724e-06  
1.709910e+02  4.775132e-05  2.132870e-05  2.502434e-05  1.398278e-06  
1.711712e+02  4.749627e-05  2.123455e-05  2.487084e-05  1.390882e-06  
1.713514e+02  4.724300e-05  2.114091e-05  2.471856e-05  1.383536e-06  
1.715315e+02  4.699149e-05  2.104777e-05  2.456748e-05  1.376240e-06  
1.717117e+02  4.674172e-05  2.095514e-05  2.441759e-05  1.368993e-06  
1.718919e+02  4.649368e-05  2.086300e-05  2.426888e-05  1.361794e-06  
1.720721e+02  4.624735e-05  2.077137e-05  2.412134e-05  1.354643e-06  
1.722523e+02  4.600273e-05  2.068022e-05  2.397497e-05  1.347541e-06  
1.724324e+02  4.575979e-05  2.058957e-05  2.382974e-05  1.340486e-06  
1.726126e+02  4.551851e-05  2.049940e-05  2.368563e-05  1.333478e-06  
1.727928e+02  4.527889e-05  2.040971e-05  2.354266e-05  1.326517e-06  
1.729730e+02  4.504092e-05  2.032051e-05  2.340081e-05  1.319602e-06  
1.731532e+02  4.480457e-05  2.023178e-05  2.326006e-05  1.312732e-06  
1.733333e+02  4.456984e-05  2.014353e-05  2.312040e-05  1.305909e-06  
1.735135e+02  4.433671e-05  2.005575e-05  2.298182e-05  1.299131e-06  
1.736937e+02  4.410513e-05  1.996843e-05  2.284430e-05  1.292397e-06  
1.738739e+02  4.387516e-05  1.988158e-05  2.270786e-05  1.285708e-06  
1.740541e+02  4.364674e-05  1.979520e-05  2.257247e-05  1.279063e-06  
1.742342e+02  4.341989e-05  1.970929e-05  2.243813e-05  1.272462e-06  
1.744144e+02  4.319454e-05  1.962382e-05  2.230481e-05  1.265904e-06  
1.745946e+02  4.297072e-05  1.953881e-05  2.217252e-05  1.259390e-06  
1.747748e+02  4.274840e-05  1.945425e-05  2.204123e-05  1.252918e-06  
1.749550e+02  4.252757e-05  1.937013e-05  2.191095e-05  1.246488e-06  
1.751351e+02  4.230822e-05  1.928646e-05  2.178166e-05  1.240100e-06  
1.753153e+02  4.209033e-05  1.920323e-05  2.165334e-05  1.233753e-06  
1.754955e+02  4.187390e-05  1.912045e-05  2.152601e-05  1.227448e-06  
1.756757e+02  4.165894e-05  1.903810e-05  2.139965e-05  1.221185e-06  
1.758559e+02  4.144539e-05  1.895619e-05  2.127424e-05  1.214962e-06  
1.760360e+02  4.123326e-05  1.887471e-05  2.114977e-05  1.208779e-06  
1.762162e+02  4.102254e-05  1.879365e-05  2.102625e-05  1.202636e-06  
1.763964e+02  4.081321e-05  1.871302e-05  2.090365e-05  1.196532e-06  
1.765766e+02  4.060526e-05  1.863282e-05  2.078197e-05  1.190469e-06  
1.767568e+02  4.039869e-05  1.855304e-05  2.066121e-05  1.184444e-06  
1.769369e+02  4.019348e-05  1.847367e-05  2.054135e-05  1.178458e-06  
1.771171e+02  3.998961e-05  1.839472e-05  2.042238e-05  1.172510e-06  
1.772973e+02  3.978709e-05  1.831619e-05  2.030430e-05  1.166600e-06  
1.774775e+02  3.958587e-05  1.823805e-05  2.018709e-05  1.160728e-06  
1.776577e+02  3.938599e-05  1.816033e-05  2.007076e-05  1.154894e-06  
1.778378e+02  3.918741e-05  1.808302e-05  1.995530e-05  1.149097e-06  
1.780180e+02  3.899013e-05  1.800611e-05  1.984068e-05  1.143337e-06  
1.781982e+02  3.879413e-05  1.792960e-05  1.972692e-05  1.137614e-06  
1.783784e+02  3.859940e-05  1.785349e-05  1.961399e-05  1.131927e-06  
1.785586e+02  3.840593e-05  1.777777e-05  1.950189e-05  1.126276e-06  
1.787387e+02  3.821372e-05  1.770244e-05  1.939062e-05  1.120660e-06  
1.789189e+02  3.802275e-05  1.762751e-05  1.928016e-05  1.115081e-06  
1.790991e+02  3.783300e-05  1.755296e-05  1.917051e-05  1.109536e-06  
1.792793e+02  3.764451e-05  1.747881e-05  1.906168e-05  1.104027e-06  
1.794595e+02  3.745724e-05  1.740505e-05  1.895364e-05  1.098553e-06  
1.796396e+02  3.727120e-05  1.733168e-05  1.884640e-05  1.093115e-06  
1.798198e+02  3.708633e-05  1.725868e-05  1.873994e-05  1.087710e-06  
1.800000e+02  3.690263e-05  1.718605e-05  1.863424e-05  1.082338e-06  
1.801802e+02  3.672011e-05  1.711380e-05  1.852931e-05  1.077001e-06  
1.803604e+02  3.653875e-05  1.704191e-05  1.842514e-05  1.071696e-06  
1.805405e+02  3.635854e-05  1.697040e-05  1.832172e-05  1.066425e-06  
1.807207e+02  3.617948e-05  1.689925e-05  1.821904e-05  1.061186e-06  
1.809009e+02  3.600153e-05  1.682846e-05  1.811709e-05  1.055980e-06  
1.810811e+02  3.582473e-05  1.675804e-05  1.801589e-05  1.050806e-06  
1.812613e+02  3.564905e-05  1.668798e-05  1.791541e-05  1.045664e-06  
1.814414e+02  3.547448e-05  1.661828e-05  1.781564e-05  1.040554e-06  
1.816216e+02  3.530100e-05  1.654893e-05  1.771660e-05  1.035476e-06  
1.818018e+02  3.512861e-05  1.647993e-05  1.761824e-05  1.030429e-06  
1.819820e+02  3.495731e-05  1.641129e-05  1.752060e-05  1.025414e-06  
1.821622e+02  3.478709e-05  1.634300e-05  1.742366e-05  1.020429e-06  
1.823423e+02  3.461793e-05  1.627506e-05  1.732740e-05  1.015475e-06  
1.825225e+02  3.444983e-05  1.620746e-05  1.723182e-05  1.010551e-06  
1.827027e+02  3.428278e-05  1.614021e-05  1.713692e-05  1.005658e-06  
1.828829e+02  3.411677e-05  1.607329e-05  1.704269e-05  1.000794e-06  
1.830631e+02  3.395180e-05  1.600672e-05  1.694912e-05  9.959604e-07  
1.832432e+02  3.378784e-05  1.594048e-05  1.685621e-05  9.911562e-07  
1.834234e+02  3.362493e-05  1.587459e-05  1.676396e-05  9.863819e-07  
1.836036e+02  3.346299e-05  1.580901e-05  1.667234e-05  9.816355e-07  
1.837838e+02  3.330207e-05  1.574377e-05  1.658138e-05  9.769186e-07  
1.839640e+02  3.314215e-05  1.567887e-05  1.649105e-05  9.722308e-07  
1.841441e+02  3.298322e-05  1.561429e-05  1.640136e-05  9.675712e-07  
1.843243e+02  3.282525e-05  1.555003e-05  1.631228e-05  9.629394e-07  
1.845045e+02  3.266825e-05  1.548610e-05  1.622382e-05  9.583356e-07  
1.846847e+02  3.251221e-05  1.542248e-05  1.613597e-05  9.537595e-07  
1.848649e+02  3.235713e-05  1.535918e-05  1.604873e-05  9.492112e-07  
1.850450e+02  3.220291e-05  1.529616e-05  1.596206e-05  9.446876e-07  
1.852252e+02  3.204972e-05  1.523350e-05  1.587602e-05  9.401939e-07  
1.854054e+02  3.189756e-05  1.517120e-05  1.579063e-05  9.357299e-07  
1.855856e+02  3.174623e-05  1.510916e-05  1.570578e-05  9.312900e-07  
1.857658e+02  3.159583e-05  1.504744e-05  1.562151e-05  9.268766e-07  
1.859459e+02  3.144633e-05  1.498602e-05  1.553782e-05  9.224896e-07  
1.861261e+02  3.129774e-05  1.492491e-05  1.545471e-05  9.181289e-07  
1.863063e+02  3.115007e-05  1.486411e-05  1.537217e-05  9.137948e-07  
1.864865e+02  3.100327e-05  1.480360e-05  1.529018e-05  9.094855e-07  
1.866667e+02  3.085733e-05  1.474338e-05  1.520875e-05  9.052016e-07  
1.868468e+02  3.071231e-05  1.468348e-05  1.512788e-05  9.009440e-07  
1.870270e+02  3.056814e-05  1.462387e-05  1.504756e-05  8.967112e-07  
1.872072e+02  3.042485e-05  1.456456e-05  1.496778e-05  8.925038e-07  
1.873874e+02  3.028241e-05  1.450554e-05  1.488855e-05  8.883212e-07  
1.875676e+02  3.014083e-05  1.444682e-05  1.480985e-05  8.841633e-07  
1.877477e+02  3.000009e-05  1.438838e-05  1.473168e-05  8.800298e-07  
1.879279e+02  2.986020e-05  1.433023e-05  1.465405e-05  8.759210e-07  
1.881081e+02  2.972114e-05  1.427237e-05  1.457693e-05  8.718362e-07  
1.882883e+02  2.958291e-05  1.421480e-05  1.450033e-05  8.677755e-07  
1.884685e+02  2.944549e-05  1.415751e-05  1.442425e-05  8.637384e-07  
1.886486e+02  2.930889e-05  1.410050e-05  1.434867e-05  8.597251e-07  
1.888288e+02  2.917312e-05  1.404377e-05  1.427361e-05  8.557357e-07  
1.890090e+02  2.903814e-05  1.398732e-05  1.419904e-05  8.517692e-07  
1.891892e+02  2.890396e-05  1.393116e-05  1.412498e-05  8.478262e-07  
1.893694e+02  2.877057e-05  1.387526e-05  1.405140e-05  8.439060e-07  
1.895495e+02  2.863796e-05  1.381964e-05  1.397832e-05  8.400085e-07  
1.897297e+02  2.850613e-05  1.376428e-05  1.390572e-05  8.361337e-07  
1.899099e+02  2.837508e-05  1.370920e-05  1.383360e-05  8.322815e-07  
1.900901e+02  2.824480e-05  1.365439e-05  1.376195e-05  8.284515e-07  
1.902703e+02  2.811527e-05  1.359984e-05  1.369078e-05  8.246435e-07  
1.904505e+02  2.798649e-05  1.354556e-05  1.362007e-05  8.208574e-07  
1.906306e+02  2.785850e-05  1.349156e-05  1.354985e-05  8.170941e-07  
1.908108e+02  2.773123e-05  1.343781e-05  1.348008e-05  8.133520e-07  
1.909910e+02  2.760472e-05  1.338432e-05  1.341077e-05  8.096317e-07  
1.911712e+02  2.747893e-05  1.333109e-05  1.334191e-05  8.059326e-07  
1.913514e+02  2.735388e-05  1.327812e-05  1.327350e-05  8.022548e-07  
1.915315e+02  2.722956e-05  1.322542e-05  1.320555e-05  7.985984e-07  
1.917117e+02  2.710592e-05  1.317295e-05  1.313802e-05  7.949618e-07  
1.918919e+02  2.698303e-05  1.312074e-05  1.307094e-05  7.913471e-07  
1.920721e+02  2.686085e-05  1.306879e-05  1.300430e-05  7.877529e-07  
1.922523e+02  2.673937e-05  1.301709e-05  1.293810e-05  7.841792e-07  
1.924324e+02  2.661859e-05  1.296565e-05  1.287232e-05  7.806259e-07  
1.926126e+02  2.649855e-05  1.291446e-05  1.280699e-05  7.770941e-07  
1.927928e+02  2.637915e-05  1.286351e-05  1.274206e-05  7.735811e-07  
1.929730e+02  2.626044e-05  1.281280e-05  1.267755e-05  7.700881e-07  
1.931532e+02  2.614241e-05  1.276233e-05  1.261346e-05  7.666149e-07  
1.933333e+02  2.602505e-05  1.271211e-05  1.254978e-05  7.631613e-07  
1.935135e+02  2.590837e-05  1.266213e-05  1.248651e-05  7.597275e-07  
1.936937e+02  2.579235e-05  1.261239e-05  1.242365e-05  7.563130e-07  
1.938739e+02  2.567697e-05  1.256288e-05  1.236118e-05  7.529174e-07  
1.940541e+02  2.556223e-05  1.251359e-05  1.229910e-05  7.495401e-07  
1.942342e+02  2.544818e-05  1.246456e-05  1.223743e-05  7.461830e-07  
1.944144e+02  2.533475e-05  1.241576e-05  1.217615e-05  7.428443e-07  
1.945946e+02  2.522200e-05  1.236720e-05  1.211528e-05  7.395252e-07  
1.947748e+02  2.510988e-05  1.231887e-05  1.205478e-05  7.362244e-07  
1.949550e+02  2.499839e-05  1.227077e-05  1.199468e-05  7.329424e-07  
1.951351e+02  2.488752e-05  1.222289e-05  1.193495e-05  7.296781e-07  
1.953153e+02  2.477728e-05  1.217525e-05  1.187560e-05  7.264325e-07  
1.954955e+02  2.466768e-05  1.212784e-05  1.181663e-05  7.232053e-07  
1.956757e+02  2.455867e-05  1.208065e-05  1.175803e-05  7.199956e-07  
1.958559e+02  2.445025e-05  1.203367e-05  1.169978e-05  7.168032e-07  
1.960360e+02  2.434246e-05  1.198692e-05  1.164191e-05  7.136290e-07  
1.962162e+02  2.423528e-05  1.194039e-05  1.158441e-05  7.104728e-07  
1.963964e+02  2.412870e-05  1.189409e-05  1.152727e-05  7.073341e-07  
1.965766e+02  2.402273e-05  1.184802e-05  1.147050e-05  7.042133e-07  
1.967568e+02  2.391734e-05  1.180215e-05  1.141408e-05  7.011092e-07  
1.969369e+02  2.381253e-05  1.175650e-05  1.135800e-05  6.980223e-07  
1.971171e+02  2.370830e-05  1.171106e-05  1.130228e-05  6.949523e-07  
1.972973e+02  2.360465e-05  1.166584e-05  1.124690e-05  6.918993e-07  
1.974775e+02  2.350157e-05  1.162084e-05  1.119187e-05  6.888632e-07  
1.976577e+02  2.339914e-05  1.157607e-05  1.113722e-05  6.858457e-07  
1.978378e+02  2.329720e-05  1.153149e-05  1.108287e-05  6.828429e-07  
1.980180e+02  2.319583e-05  1.148711e-05  1.102886e-05  6.798566e-07  
1.981982e+02  2.309493e-05  1.144291e-05  1.097514e-05  6.768843e-07  
1.983784e+02  2.299461e-05  1.139892e-05  1.092177e-05  6.739288e-07  
1.985586e+02  2.289500e-05  1.135521e-05  1.086880e-05  6.709940e-07  
1.987387e+02  2.279583e-05  1.131166e-05  1.081610e-05  6.680724e-07  
1.989189e+02  2.269720e-05  1.126831e-05  1.076373e-05  6.651665e-07  
1.990991e+02  2.259914e-05  1.122517e-05  1.071169e-05  6.622771e-07  
1.992793e+02  2.250160e-05  1.118222e-05  1.065997e-05  6.594030e-07  
1.994595e+02  2.240459e-05  1.113948e-05  1.060856e-05  6.565446e-07  
1.996396e+02  2.230811e-05  1.109694e-05  1.055747e-05  6.537017e-07  
1.998198e+02  2.221216e-05  1.105460e-05  1.050669e-05  6.508743e-07  
2.000000e+02  2.211673e-05  1.101245e-05  1.045622e-05  6.480622e-07
