-2.879427E-01	+3.742425E-02	-2.025836E+00	+2.777819E-01	-4.540623E-01	-1.068590E+00	+3.387698E-01	+4.467746E-02	+2.005887E+00	+6.874091E-01
+6.242054E-01	-1.081889E+00	+8.913581E-01	+7.362660E-01	-7.851781E-01	+2.105224E-01	-2.046641E-01	-4.549539E-01	+2.928856E-01	+7.150341E-01
-2.577831E-01	-4.336387E-01	+2.858637E-01	-4.439260E-01	+1.810245E+00	-1.097322E+00	+3.084852E-01	-2.670471E-01	-6.940687E-01	+7.387218E-01
+1.651027E+00	-5.534903E-01	+6.179525E-01	+9.416903E-01	+7.372832E-01	-3.884599E-01	+3.013199E-01	-1.071147E+00	-1.431747E+00	+2.811321E-01
+1.593692E+00	+4.289006E-01	-1.722637E-02	-6.703493E-01	+1.352063E+00	-5.861840E-02	-7.795901E-01	+2.222148E-01	-1.356244E+00	+3.459944E-01
-4.977147E-01	+2.186513E+00	+8.321209E-01	+4.980553E-01	-9.175194E-01	+5.381092E-01	+7.822666E-01	+2.122060E+00	-2.110893E-01	-7.028514E-01
+6.293631E-01	-9.304392E-01	-7.410703E-01	+4.510678E-03	+3.779170E-01	-3.511777E-01	+9.031948E-02	+2.166000E+00	+1.641847E+00	+1.091865E+00
-6.137993E-02	-1.523663E+00	-1.526938E-01	-1.669224E+00	+1.048839E+00	-1.536427E-01	-1.791930E-01	-6.028929E-01	-1.102127E+00	+5.390074E-01
+2.588187E-01	-3.859295E-01	+1.816954E+00	-8.347579E-01	-8.217243E-01	+6.386485E-01	-7.361927E-01	+8.226521E-01	-7.366312E-01	+8.193331E-01
-1.948140E+00	-1.251472E+00	-1.867279E+00	+3.431227E-01	+1.048964E+00	-6.689615E-01	+1.842052E+00	+5.957904E-02	+1.533979E+00	-6.208813E-01
-3.888492E-01	+2.610716E-01	+9.947081E-01	+4.510197E-02	-1.316219E+00	+7.471302E-01	+4.161072E-01	+4.335391E-01	+7.185094E-01	+1.728822E-01
+1.719701E-02	+9.072439E-01	+1.285606E-01	+8.227389E-01	+1.518940E+00	+1.802152E-02	-1.464935E+00	-7.294530E-01	-5.854957E-01	-4.267168E-01
+1.972828E-01	+1.261258E+00	-3.717658E-01	+8.331077E-01	+3.089372E-01	+4.866731E-01	+6.038394E-01	-1.426135E+00	+3.436821E-01	-6.262623E-01
-2.527268E+00	-3.162771E-01	+1.697503E+00	+1.427943E+00	+6.898340E-01	-8.647242E-03	-4.260829E-01	-7.230874E-01	+1.104207E+00	+3.193986E-02
-1.231583E+00	+9.477223E-01	+2.366130E-01	-4.116150E-01	+1.855391E+00	-1.696577E+00	-5.856681E-01	+1.022419E+00	-1.593275E+00	+1.347136E+00
+8.559277E-01	-6.251639E-01	-4.275899E-01	-6.705104E-01	-9.380801E-01	-2.300789E+00	+1.835522E+00	-9.175059E-01	+9.569931E-01	+5.520171E-01
-6.102124E-01	-2.404994E-03	+6.357185E-01	+2.575399E+00	-9.972600E-01	-6.028772E-01	+6.941428E-01	-1.004975E+00	-1.956159E-01	+8.742516E-01
+1.403076E-01	+7.959245E-01	-1.295835E+00	-6.182161E-01	-5.718088E-01	-9.840319E-01	+1.815265E+00	-7.730221E-01	-3.349597E-01	-4.090860E-01
-4.779436E-01	+1.068654E+00	-4.454771E-01	+8.136199E-01	-6.254657E-01	+5.471451E-01	+3.433639E-01	-2.448383E-01	+8.482178E-01	-2.391952E-01
+6.175963E-01	+2.659329E-01	+9.392490E-02	-9.504644E-01	+2.666310E-01	-1.770300E-01	+1.705058E+00	+1.341246E+00	-1.596324E-01	-7.430626E-01
-1.708189E-01	+6.249955E-01	-1.521224E-01	-1.403696E+00	+3.131086E-01	+1.174783E+00	-7.615207E-01	-4.396901E-01	-1.215630E+00	+6.518968E-01
-1.117719E+00	+1.776635E+00	+1.202045E+00	-3.914157E-01	-8.140439E-01	-1.903777E-01	+1.323109E+00	-1.466739E+00	+6.381952E-02	+1.644758E+00
-9.248149E-02	+7.345489E-01	-9.491701E-01	-1.331451E+00	+4.526443E-01	-1.537068E+00	-1.505235E+00	-1.141852E+00	+1.500285E-01	+2.202622E-01
-1.311302E+00	+1.535154E-01	-1.448544E+00	+3.529332E-01	+1.212158E+00	-4.482507E-01	-8.347047E-01	+5.026865E-01	-5.201762E-02	-1.478766E+00
-1.053816E+00	-9.394913E-01	-9.230112E-02	+4.653281E-01	-5.231216E-01	-6.086314E-01	-3.714658E-01	-5.498143E-01	+8.262626E-01	-2.803512E-01
+5.039040E-01	-4.235642E-01	+4.166769E-01	-1.261571E+00	+3.307326E-01	+3.683411E-01	-6.000816E-01	+3.168216E-01	-6.147835E-01	+1.734759E-01
+4.266710E-01	+1.186386E+00	-2.520841E+00	+6.974179E-01	-7.753139E-01	+1.741775E+00	-3.666806E-01	-1.594924E+00	+3.322751E-01	+6.012770E-01
+3.554971E-01	-7.377952E-01	-9.278603E-01	+1.406933E-02	-4.032096E-01	+7.011692E-01	+1.251763E+00	-8.259867E-01	+2.427950E-01	+5.082638E-01
+1.577491E+00	+7.291584E-01	+1.823736E-01	-7.076728E-01	-4.218497E-01	-6.948273E-01	-1.081652E+00	+1.091265E-01	+5.386611E-01	+4.836047E-01
+1.117450E+00	+1.113787E-01	+1.094128E+00	+4.246825E-01	+4.029844E-01	+2.403653E-01	+9.447345E-01	-1.131684E+00	-1.299321E+00	+1.516682E+00
+9.215414E-01	-3.286244E-01	-4.352201E-01	+4.471501E-01	-2.266483E-01	+1.050143E+00	+7.814276E-01	-6.367945E-01	+2.102869E+00	+6.325136E-01
+2.436070E+00	+1.045967E+00	+1.185300E+00	+1.067595E-01	-6.566466E-02	-3.066704E-01	-1.065791E+00	+1.381181E-02	-7.463812E-01	+3.537466E-01
-2.592224E-01	-2.221701E-01	-6.467554E-01	-5.503298E-01	+2.018693E-01	-5.297798E-01	-5.158392E-02	-2.284580E+00	-7.793774E-01	+3.052757E-01
+4.926911E-01	-1.152407E+00	-9.729469E-01	+4.314316E-01	+1.377346E+00	+3.490685E-01	-2.100716E-02	+2.122681E+00	-7.347459E-01	+1.688345E+00
-2.668349E-01	-1.589490E-01	+9.030027E-01	+2.440905E-03	+1.285091E+00	+9.570405E-01	+5.618258E-01	-1.034220E+00	-7.022492E-01	+1.605477E+00
-1.212668E+00	+8.020223E-01	+2.082016E-01	+3.268620E-01	-6.357066E-02	-3.141070E-01	+3.761406E-01	+6.500636E-01	-7.747245E-01	-4.744542E-01
-4.969474E-01	-7.289603E-01	+2.149845E+00	-3.713010E-01	-3.305626E-02	+2.066371E+00	-5.506848E-02	+2.079547E+00	+2.825136E-01	-1.499762E+00
+7.071298E-01	-1.713871E+00	+9.910983E-01	-5.510184E-01	-1.166142E+00	-1.997600E+00	-4.262222E-01	+7.672608E-01	-3.523696E-01	-1.571245E+00
+4.121309E-01	-6.936853E-01	-6.884951E-01	+4.265323E-01	-1.115913E+00	-4.197141E-01	+1.499813E+00	-2.380413E+00	+1.112991E+00	+4.762958E-01
+1.420654E+00	+3.509875E-01	+2.233819E+00	-4.080542E-01	+1.755745E+00	-2.692492E-02	+2.073057E+00	+2.899942E-01	+1.598400E+00	+3.124257E-01
+2.731817E-01	+1.879940E-01	-1.129802E+00	-3.134290E-01	-1.240296E+00	-2.700304E+00	+1.497273E+00	-2.260896E-01	+2.518689E-01	+5.645813E-01
-3.417612E-01	-9.951610E-01	-6.769435E-01	-2.278332E+00	-7.888381E-01	+8.863017E-03	-1.204238E-01	+1.498760E+00	+1.192190E+00	-5.912811E-01
+4.152486E-01	-8.020712E-01	+2.310096E-01	+3.798011E-02	-6.179495E-02	+4.724025E-01	+2.300546E+00	+5.524600E-02	+1.743106E+00	+5.580520E-01
+1.570138E-01	+5.210578E-01	-3.973790E-01	+5.381483E-01	+1.623344E-01	+8.198694E-01	-2.412646E-01	-7.383974E-02	-4.934381E-01	-2.455994E+00
-7.421582E-01	-5.743276E-01	-2.037841E-01	-4.219925E-01	+3.722906E-03	-1.656770E-02	-1.482247E+00	+5.266332E-01	-5.318319E-01	+1.617155E+00
-1.355033E-01	+2.079920E+00	+7.427565E-01	-2.288348E-01	+1.503420E+00	-2.441692E+00	-1.501844E+00	+1.709626E+00	-2.957479E-01	-5.346414E-01
+2.196893E-01	-4.179197E-01	-2.018888E-01	+1.568524E+00	-2.626397E-03	-1.187296E+00	-1.292656E+00	-9.210209E-01	+1.367956E+00	+6.871097E-01
-5.301034E-01	-1.717407E+00	-2.072297E-01	-7.690423E-01	+4.026423E-01	+1.239117E-01	-9.716939E-01	+2.952847E-01	-8.473701E-01	-7.866496E-01
-4.428172E-01	+3.965440E-01	-1.117239E+00	+5.739239E-01	+2.809760E-01	-4.407084E-02	-8.107728E-01	-1.239462E+00	+1.396678E+00	-3.321700E-01
+2.361299E+00	+7.515252E-01	+5.194761E-01	-1.242894E+00	-7.597864E-01	-7.987328E-01	+2.622925E+00	-8.039597E-01	+9.466089E-01	+9.917988E-01
+5.317938E-01	+2.698897E+00	-5.258562E-01	+7.451200E-01	+5.792476E-01	+1.703903E+00	-3.699042E-01	-1.783669E+00	+7.940544E-01	-2.054037E+00
+4.153018E-01	+1.753509E+00	-3.200533E-01	-1.139489E+00	-8.160440E-01	+8.663313E-01	+5.344650E-02	-4.120760E-01	+8.575451E-01	-1.854113E-01
+8.918240E-01	+1.400693E-01	-3.878662E-01	-1.089928E-02	-1.261039E-01	-1.238911E+00	+9.273859E-02	-4.886432E-01	+7.268045E-02	-4.393255E-01
+4.992392E-01	-1.937009E+00	+5.729515E-01	+4.670794E-01	+6.417809E-01	-7.090558E-01	-5.894725E-01	+9.982963E-01	+1.493963E+00	+1.072285E+00
-1.882956E+00	+9.169574E-01	-1.126050E+00	-7.558623E-01	-4.852059E-01	-3.451496E-01	-1.232396E+00	+6.049000E-01	-8.096640E-02	+8.568504E-01
-7.367710E-01	-2.703669E-01	-8.391427E-01	+5.492178E-01	+1.135033E+00	-1.487686E+00	+7.272934E-01	-2.071321E+00	+9.935190E-02	+1.147740E+00
-4.627291E-01	-1.069544E+00	+5.507707E-01	+1.088051E+00	+9.673776E-01	-2.207166E-01	+6.156228E-01	+2.353928E+00	+1.008793E+00	+3.115108E+00
+4.787021E-01	+3.227825E-01	-8.319124E-01	-1.918997E-01	+1.001386E+00	+4.339802E-03	-7.833488E-01	+1.287028E+00	+6.417881E-01	+4.528854E-02
+1.120908E+00	-4.832356E-01	-1.152620E+00	+1.055655E+00	-1.465077E+00	-5.717342E-01	+2.879274E-01	-6.594470E-01	+1.092256E+00	+3.772942E-01
+1.664360E-01	-1.196990E+00	+3.652459E-02	-1.350418E+00	-6.217017E-01	-1.139824E+00	+2.610655E-01	-1.070285E+00	+3.267137E-01	+4.394659E-01
-3.236877E-01	+2.213570E-01	-5.009538E-01	+5.193261E-01	-7.334924E-01	+1.393212E-02	+6.312205E-01	+8.691145E-01	-3.300975E-01	-9.512124E-01
+1.562172E+00	-8.830144E-02	-1.809189E+00	+1.279730E+00	+1.962989E+00	-1.575117E-01	-1.459742E+00	-5.003085E-01	-1.019916E+00	+1.428957E+00
-2.525377E-01	+6.444414E-01	+1.535816E+00	+1.514301E+00	-1.604053E+00	-1.213945E+00	+5.072708E-01	+6.902597E-02	+1.059008E-02	-3.913625E-01
-8.389462E-01	+1.015069E+00	-2.615816E-01	+1.445031E+00	-1.310947E+00	-1.275471E+00	-7.492521E-02	+1.882981E+00	-4.559090E-02	+6.678355E-01
-8.627373E-01	+2.696244E-01	+1.209947E+00	+4.992076E-01	-5.818990E-01	+1.060172E+00	-2.777647E+00	-1.474832E+00	-9.701042E-01	-1.082855E+00
-1.483122E+00	+1.807442E-01	-3.972517E-01	-5.284931E-01	-1.702373E-01	-1.980000E+00	-2.624992E-01	-1.185038E-01	+1.113502E-02	-1.048046E+00
+9.210522E-01	-4.030295E-01	+1.456861E+00	-3.105721E-01	+5.513169E-01	+9.921773E-01	+6.825774E-01	+1.424592E-01	-1.658036E+00	+1.602474E+00
-9.866564E-01	-2.953844E-01	-2.507685E+00	+4.463433E-01	-8.646161E-01	+1.316293E+00	+1.821938E+00	+1.104259E+00	-2.153374E+00	+4.495145E-01
+1.377370E-01	-5.940584E-01	-6.982264E-01	+5.776773E-01	+1.199613E+00	-1.144008E+00	-7.736170E-01	-6.452687E-01	-2.463898E-01	+4.318203E-01
+3.868195E-02	-4.925515E-01	-1.828431E+00	+1.060636E+00	-1.213491E+00	-5.338370E-01	-1.134441E+00	+1.927608E+00	-4.547827E-01	+4.510187E-01
+2.645999E-01	+4.600795E-01	+3.396790E-01	+4.569156E-01	-1.784607E-01	-2.115675E+00	-5.284010E-02	-5.796310E-01	-2.499022E-02	+1.356833E+00
-8.464874E-01	-8.768418E-01	-1.700009E+00	-1.261471E-01	-8.303400E-01	-2.848285E-01	+1.563332E-01	-6.242703E-01	+7.227374E-02	+7.748859E-01
-1.025575E-01	-1.056755E+00	+1.439144E+00	-2.527821E+00	-9.852723E-01	+2.330777E+00	+1.164138E+00	+4.422833E-01	+2.810111E-01	+7.049247E-01
-5.161056E-01	+5.058904E-01	-1.554188E+00	-4.773107E-01	+3.321474E-01	+1.051533E+00	+1.485792E+00	+4.174978E-01	+1.861449E-02	-3.914086E-01
-2.648563E-01	-3.412681E-02	+3.459058E-02	+2.682436E-01	-2.804236E-01	+3.143553E-01	-5.756472E-01	-2.316390E-01	+4.973323E-01	-8.789908E-01
+1.788366E+00	+1.308804E+00	-1.659895E-01	+5.196267E-01	-1.010593E+00	+9.626553E-01	-2.477761E+00	+7.267024E-02	-3.679050E-01	-2.902527E-01
-5.339039E-01	-6.115115E-01	-1.021229E+00	-1.456365E+00	-9.940571E-01	-1.557902E-01	-4.215812E-01	-7.317339E-01	-1.196599E+00	-1.675405E-01
-4.857445E-01	+3.840916E-03	-1.054272E+00	-4.399613E-01	+1.051087E+00	-1.802300E+00	-3.994907E-02	-1.412025E+00	+5.739302E-01	-5.942028E-01
+2.586740E-01	+4.636710E-01	+1.004244E+00	+2.801324E-01	-9.034433E-01	+9.519413E-01	+4.006830E-01	+1.513188E+00	+1.614689E+00	+2.549268E-01
-5.623180E-02	+2.254215E-01	+6.461331E-01	+1.106083E-01	+4.237549E-01	-6.539641E-01	+5.691279E-01	+9.815207E-01	-6.231696E-01	+2.159679E-01
+3.529703E-01	+1.764438E-01	-1.048109E+00	+3.973270E-01	+1.198091E+00	+8.413541E-01	-3.055091E-02	+9.552226E-01	+5.861531E-01	+1.325954E+00
+1.609336E-03	+1.515147E+00	+1.943671E+00	+1.379453E+00	-4.331936E-01	-9.932896E-01	-2.403655E-01	+5.582969E-01	+3.409757E-01	+1.897125E+00
-1.706562E-01	-2.240378E-01	-1.848605E-01	+2.474226E+00	-4.966831E-01	+1.085844E+00	+1.594676E+00	+6.054683E-01	+3.418792E-01	+4.018089E-01
+3.829980E-01	-7.831837E-01	+3.206118E-01	+2.798220E-01	-1.889703E+00	-1.860510E+00	+2.396877E+00	-1.507750E+00	+1.924022E-01	+2.356832E-01
+4.024920E-02	-9.503706E-01	+9.656242E-01	-1.350698E+00	+1.820591E-01	+2.830673E-01	+9.951769E-02	-8.369849E-02	-1.249143E+00	-1.481619E+00
+4.306572E-01	-7.429400E-01	-6.242478E-01	+1.157392E+00	-8.446083E-02	-1.100002E-01	+1.251345E+00	+2.969704E-01	+3.283432E-01	+3.978369E-01
-1.130781E+00	-6.902471E-01	-4.179248E-02	+2.539555E-01	-6.548803E-01	-4.824884E-01	-1.621708E+00	-1.681732E+00	+1.220875E+00	-7.060383E-01
-9.210433E-01	-5.556364E-01	+2.337067E-01	-2.393554E+00	+5.556238E-01	-7.935761E-01	+4.528351E-01	+3.691063E-01	-6.661515E-01	-1.794340E+00
+2.385412E-02	+1.290831E+00	+6.660912E-01	+1.235183E+00	+7.683404E-01	+1.078023E+00	-1.989495E+00	-1.657874E+00	+1.379819E-02	-4.712770E-01
+4.323657E-01	+1.237352E+00	+2.860919E-02	+1.109031E+00	-6.369816E-01	-6.338433E-01	+1.474670E+00	-5.663613E-01	-1.510449E+00	-1.621585E+00
-9.186236E-02	-1.052752E+00	+6.959599E-01	-7.670574E-02	+1.205868E+00	+3.893563E-01	-3.359071E-01	-1.116230E+00	-1.532162E+00	+1.829051E+00
-9.613491E-01	-2.058389E-01	-3.349198E-01	+1.216381E+00	-9.005095E-02	-1.151106E+00	-5.984802E-01	+1.068918E-01	-9.875571E-02	+2.730403E-02
+1.552125E+00	-2.220571E-01	-1.739067E+00	-9.146065E-01	+4.729629E-01	-7.404680E-01	+2.036262E-01	+1.586428E+00	+4.413418E-01	-8.734069E-01
-3.794355E-01	+8.059806E-01	+5.693244E-01	+3.404735E-01	+2.199605E-01	+5.259839E-01	-1.398264E+00	-9.446571E-01	-1.914466E+00	-1.047443E-01
-1.173977E+00	+4.440931E-01	-1.506658E+00	+1.169279E+00	-1.673017E-01	-1.426999E+00	+5.502413E-01	+9.627763E-01	-5.247900E-01	+1.730341E-01
+1.084223E-01	-1.634379E-01	+1.503914E+00	-1.104059E+00	+6.788402E-01	-9.279678E-01	+6.554585E-01	-6.201463E-01	-1.542691E+00	-1.423154E+00
+1.464605E+00	+7.644154E-02	+7.863237E-01	-1.473335E-01	-9.306669E-02	-2.302035E+00	+8.224083E-01	-4.527080E-01	+1.417958E+00	+1.376174E-01
-2.698871E-01	-2.921891E-01	+1.506530E-01	+5.167469E-01	+6.569627E-01	-7.829092E-01	+4.938160E-01	-1.086638E+00	-2.367034E-01	-8.908361E-01
-9.361504E-01	+7.812973E-01	+3.036494E-01	+8.136224E-01	-1.374573E+00	+9.195340E-01	+5.487407E-01	-2.738098E+00	-1.245935E+00	-3.554378E-01
-1.092852E+00	-4.922402E-01	-3.274935E-01	-6.308131E-01	+6.739518E-02	+9.087976E-01	+7.208649E-01	+7.432202E-01	+1.009375E+00	+1.234978E+00
+1.726792E-01	+1.093239E+00	+1.892838E+00	+7.205068E-01	+4.599483E-01	-1.840470E+00	-5.197070E-01	+1.077233E+00	-1.517723E+00	-1.850717E+00
+9.822765E-02	-3.827114E-02	+9.127567E-01	-8.068151E-01	-1.106177E+00	-1.224861E+00	-2.834439E-01	+5.523340E-01	-3.956635E-01	-9.643524E-01
+9.381967E-01	-1.057207E+00	-1.733256E+00	-1.930272E-01	-5.545444E-01	-1.160967E+00	-6.383566E-01	+1.447905E+00	+4.853907E-02	-7.959300E-01
-6.710201E-01	+1.070877E-01	-3.529642E-01	+4.414100E-01	-1.491552E+00	+4.776364E-01	-3.128619E-01	-1.278891E+00	+8.681373E-01	-2.626067E-01
+9.816838E-02	+7.713720E-01	+5.735634E-02	-2.154727E-01	+4.771866E-01	-1.999402E+00	-6.775191E-01	-5.769565E-01	+2.537888E-01	-1.429941E-02
-1.065647E+00	-9.874491E-02	-2.827430E+00	-9.056852E-01	-2.579578E-01	+4.727978E-01	+6.556939E-01	-5.483753E-01	+1.054248E+00	+7.257716E-01
-4.564210E-02	-1.547980E-01	-3.278962E-01	-7.274941E-01	-1.388370E+00	-1.645660E+00	-3.789399E-01	-3.815960E-01	+7.631176E-01	+1.247875E+00
-3.188887E-01	-6.130846E-01	-1.180128E+00	+9.566170E-01	-6.410709E-01	-1.307295E-01	-2.904623E+00	-1.445584E-01	-1.066024E+00	+8.190991E-01
-2.723285E-01	-3.895732E-01	-1.206239E+00	+1.394782E-01	+3.430204E-01	-3.603677E-01	+5.836743E-01	-1.423881E-01	+1.321063E+00	-1.119456E+00
+7.928820E-01	-4.113901E-01	-7.653715E-01	+3.798691E-01	+6.887456E-01	-5.397031E-02	+4.197763E-03	+1.190530E+00	+1.133724E-01	-8.310439E-01
+3.668111E-01	-1.158387E+00	+3.371647E-01	+1.753929E+00	+1.002386E+00	-1.432467E+00	+1.979488E+00	+2.549710E+00	+8.974837E-01	-1.814513E+00
+4.216035E-01	-8.932186E-01	+1.725708E+00	+1.369801E-01	+3.073251E-01	+2.244655E+00	+1.840779E-01	+1.036027E+00	-1.397711E+00	-1.888207E-01
+1.528021E+00	-3.496311E-01	-1.411095E+00	-1.477409E-01	-2.843870E-02	-6.011272E-03	-2.851385E-01	-8.500259E-02	-1.047102E+00	-2.059838E-01
+2.719425E-01	+1.058828E+00	+3.219750E-01	-5.726282E-01	-9.509297E-01	-4.956398E-02	+2.414932E-01	-6.515386E-01	+1.597515E-01	+1.420594E+00
+1.453437E+00	-1.150794E+00	-6.564194E-01	+2.506745E-01	-2.036818E+00	+1.969768E-01	+7.524069E-03	+6.542632E-02	+1.536216E+00	+4.835797E-01
-2.634390E-01	-1.643644E+00	+1.224828E+00	+1.269908E+00	-6.009623E-01	-3.300922E-01	-1.265706E+00	-4.038593E-01	-1.636773E+00	-1.200716E+00
+5.685912E-01	+1.116425E-01	-1.131920E+00	+7.448195E-01	-9.341664E-01	+2.216968E-01	+3.948289E-01	+1.144890E+00	+9.225407E-01	+2.166452E+00
+2.115458E+00	-1.648382E+00	+1.284092E+00	+1.311722E+00	-7.836366E-01	+2.875003E-01	-7.642448E-01	-2.742194E-01	-1.160926E-01	+4.634698E-01
-7.481441E-01	-1.374149E+00	-3.376551E-01	-1.738075E-01	-1.560710E+00	-2.323507E-01	+2.215356E+00	+1.469731E-01	-6.140894E-01	+1.351427E-01
+1.738012E+00	+1.944811E-01	+2.062975E-01	-6.831521E-01	+7.563491E-01	-1.963621E-01	-2.814350E-01	+3.624033E-01	+2.444702E-01	+3.471027E-01
+3.239178E-01	+1.425562E+00	+5.029156E-01	+4.543301E-01	+8.741440E-01	-7.818158E-01	+2.842971E-01	-1.758100E+00	+1.381544E+00	-5.877595E-01
-7.461806E-01	-3.622122E-01	+9.016249E-01	+1.662545E+00	+1.488054E+00	-1.032196E+00	-7.512422E-01	+9.300219E-02	-3.618201E-01	-1.068980E+00
-1.066803E+00	+7.992295E-01	+1.395856E-01	+5.287122E-01	+1.141636E+00	-8.633184E-01	+7.140989E-01	+2.027304E-01	-4.563044E-01	+1.318861E-01
+4.065292E-01	-3.521959E-01	+7.816497E-01	-1.685457E-01	+3.920590E-01	-5.552593E-01	+8.379157E-01	+7.593019E-01	-5.992080E-02	-1.485607E+00
-8.011458E-01	+5.128608E-01	+1.613444E+00	-3.806738E-01	-6.975705E-01	-9.417669E-02	-1.470245E+00	-3.771778E-01	+1.139044E+00	-2.001298E+00
-2.799760E-01	-2.912433E-01	-7.232968E-01	+1.501690E+00	-3.354457E-01	+1.600981E-01	-7.154730E-01	+1.428592E+00	+5.698020E-01	-1.096657E+00
+6.229952E-01	+7.530026E-01	+4.199972E-01	-1.314098E-01	+2.664414E-01	+2.362446E-01	+2.088924E-01	+1.261893E+00	-5.475315E-01	+1.592274E+00
-8.317828E-01	-1.208463E+00	+1.047094E+00	+1.436617E+00	-1.238492E+00	-1.729353E-01	-6.871475E-01	+1.260976E-01	+6.047245E-01	-6.941986E-01
-7.318761E-01	-1.034054E+00	-1.572728E-01	+5.913932E-02	-1.142320E-01	-2.864077E-01	+1.542617E-01	+8.322010E-01	+1.107706E+00	-4.307926E-01
+1.864157E+00	+1.416067E-01	+1.283744E+00	-8.156722E-01	-6.401471E-01	-2.995977E-01	+6.036007E-01	-3.924570E-01	+3.124937E-03	+1.710213E+00
+1.626242E+00	-4.063854E-01	-1.250914E+00	+9.308292E-01	-1.777566E+00	+8.158133E-01	-4.315040E-01	+6.453492E-01	+8.385589E-03	+7.575257E-01
-4.820500E-03	+7.116635E-01	-1.787075E+00	+7.253692E-01	+1.640971E-02	-1.500712E+00	-1.629541E-01	-7.117584E-01	+1.055853E-01	+1.547692E-01
+2.713868E+00	-1.756351E+00	-1.310979E+00	-2.482022E-01	+1.934595E-01	-2.178537E-01	-9.418493E-01	-1.950404E+00	-1.328976E-02	+1.734605E+00
-1.644935E-01	-1.574156E+00	+9.969942E-01	+1.352833E+00	-1.403614E+00	+7.000039E-01	-8.503595E-02	+7.641817E-01	-3.107210E-01	-1.260212E-01
-1.926655E+00	+5.935064E-01	+3.461372E-01	-4.579505E-01	-1.005801E+00	+7.388252E-01	-1.420416E+00	-6.504736E-01	-7.574855E-01	-3.340237E-01
-2.628810E+00	-1.889456E+00	-1.207323E+00	-1.219796E+00	-1.116333E+00	+1.331584E+00	-2.232253E-01	+1.524332E+00	-1.467929E+00	+1.074965E+00
-1.624624E+00	-7.629423E-01	-3.167348E-01	+7.832878E-01	+1.002476E+00	+2.461548E+00	-2.779068E-01	+6.372448E-02	+1.179473E+00	-2.587540E-01
-7.237821E-01	+1.248256E+00	+2.770659E-01	-6.763644E-02	-4.001911E-01	-1.567535E-01	+1.545261E+00	+1.778034E-01	-8.822794E-01	-4.657826E-01
-6.897962E-01	-4.560702E-01	+2.928388E-01	-3.192115E-01	-6.748272E-01	+1.141200E+00	+5.579873E-01	+8.582832E-01	-2.808988E-01	+2.208078E+00
+6.300489E-01	-8.157060E-01	+7.180739E-01	-2.342816E-02	+7.963729E-01	-5.522458E-01	+4.638035E-01	-1.070094E+00	+5.985674E-01	+8.457703E-01
-1.195803E+00	+1.219552E+00	-6.659084E-01	+4.999824E-01	+1.038979E+00	+2.152920E+00	-6.444733E-01	-3.542797E+00	-5.837265E-01	+1.483569E+00
+8.324510E-01	+8.564335E-01	+7.544990E-01	+1.267288E+00	-3.721221E-01	-1.699863E-02	-2.135207E-01	-2.096344E-01	-7.383215E-01	+6.566642E-01
-2.460730E-01	-1.819642E+00	-5.005656E-02	-2.398746E+00	+5.872031E-01	+2.530103E-01	-1.046074E+00	+9.663993E-01	-5.633438E-03	+4.231506E-01
-6.778395E-01	-2.918172E-01	+2.683132E-01	+2.109243E+00	+1.453666E-01	-1.415741E+00	-1.125452E-01	+5.834437E-01	-8.891515E-01	+2.824931E-01
+6.049330E-01	+1.054656E+00	+7.169586E-01	+1.155995E+00	+2.126998E+00	+5.231375E-02	+4.876486E-01	-1.616706E-02	+3.260828E-01	+4.612739E-01
+7.998035E-01	-4.212776E-01	-2.148277E-01	-1.417586E+00	+1.095829E+00	-1.388856E-01	-1.844931E-01	-1.217522E+00	-1.230345E-01	-6.778568E-01
-8.917234E-01	-1.515868E-01	+1.753476E-01	-1.638537E-01	-1.112725E+00	-2.048306E-01	+3.778671E-01	+1.114491E+00	+1.316605E+00	+1.969037E-01
-8.151308E-01	-1.049183E+00	+3.904102E-01	-2.284898E+00	-3.030340E-01	+1.971753E+00	-1.493900E+00	+1.048490E+00	+8.413111E-01	-1.880616E+00
-1.322033E-01	-2.375386E+00	+1.180685E-01	+1.938652E+00	+2.388703E-01	-4.124205E-01	-1.279566E+00	+1.341868E+00	-2.309752E-01	-6.210809E-01
-1.799843E+00	+8.285948E-01	+1.948860E+00	-1.051862E+00	-5.743201E-01	-1.419116E+00	+3.063535E-01	-3.863140E-01	+9.137991E-01	+3.555374E-01
-4.040934E-01	-2.756379E-01	-3.003818E-01	+1.979071E+00	+6.257541E-01	+4.652613E-01	+9.428176E-01	+2.256929E-01	+2.268331E+00	+4.352109E-01
-4.311897E-01	+9.735031E-01	+9.221054E-01	-4.571778E-01	-4.233477E-01	+7.969052E-01	-1.047025E-01	+6.774868E-01	+3.584784E-01	-1.565857E-01
+8.534390E-01	+1.420504E+00	+9.438761E-01	-4.910069E-01	+8.423088E-02	-4.135272E-01	-8.853546E-01	+2.275153E+00	-3.445518E-01	-1.859706E+00
+1.095548E+00	-8.787724E-01	+2.429545E-01	+6.777945E-01	+1.295790E+00	-1.790000E+00	+5.131578E-01	-1.184418E+00	-5.362292E-01	-5.873634E-01
-9.999374E-01	-1.756193E+00	-3.092566E-01	-2.889929E-01	-1.357857E+00	+3.480153E-02	-3.590188E-01	-6.418174E-03	+1.033162E-02	+5.220774E-01
+3.674213E-01	+1.313671E+00	+2.900466E-01	-1.076756E+00	-1.054032E+00	+7.060167E-02	+3.237234E-01	-6.126533E-01	-9.676070E-01	+1.868223E+00
-1.046696E+00	-2.797052E-01	-6.153999E-01	-4.779108E-01	+8.158603E-01	+3.818000E-01	-9.499209E-01	-7.403020E-01	-1.542402E-01	-6.887646E-01
-3.496508E-02	+1.323033E+00	+6.271744E-01	+1.893946E-02	-1.740580E+00	-1.568733E+00	-1.164792E+00	-2.236722E+00	+6.320505E-02	+8.917720E-01
-1.988174E+00	+8.617497E-01	-2.057847E-01	+1.447337E+00	+1.003834E+00	+7.616340E-01	-1.480738E+00	-4.027192E-01	+2.178616E+00	-6.442041E-01
-2.665274E-01	-1.482819E-01	+1.454256E+00	+1.652668E+00	-3.604041E-01	-1.701990E+00	+7.203329E-01	-4.362485E-01	+1.624135E+00	-7.319534E-01
+9.433704E-01	+3.658407E-02	-4.609102E-01	+5.666424E-01	-1.170671E+00	-1.542079E+00	-6.831436E-01	+1.409350E+00	+4.717577E-01	+6.434042E-01
-2.729129E-01	-5.748551E-01	+8.007360E-01	-1.184463E+00	+1.424808E+00	-2.591919E-01	+4.718079E-01	+6.259367E-01	+1.435151E+00	+7.121052E-01
+1.503658E+00	-1.567998E+00	+1.774038E+00	-2.073628E+00	+7.028286E-01	-1.926787E+00	+1.149056E+00	+6.210684E-01	+1.100167E+00	-4.768607E-01
-1.109167E+00	+1.561753E-01	+1.473408E-01	+2.587738E+00	-7.261342E-02	+1.886955E+00	-1.509424E-02	+7.238271E-01	+1.562204E+00	+1.658349E+00
-6.501296E-01	+3.129805E-01	+1.905771E-01	+1.223208E+00	+9.689365E-01	+1.386763E+00	+3.133529E-01	-1.218546E+00	-1.203512E-01	-4.620653E-01
-5.583451E-01	+1.009678E-01	-1.193336E+00	-1.101587E+00	-5.914063E-01	-5.837693E-01	-1.186280E+00	+1.125866E+00	+8.869718E-01	+7.073158E-01
-2.693086E-01	+6.178280E-01	+8.125208E-02	+1.870272E+00	-1.218028E+00	-3.042302E-01	-2.810960E-01	-4.830589E-01	+1.309429E+00	+5.516553E-01
-2.185507E-02	-1.434672E-01	+3.269264E-01	+2.334373E-01	-9.579841E-01	+1.470738E+00	-1.007544E+00	-2.701893E-01	-8.860847E-01	+7.428483E-02
+2.391412E-01	-1.169238E-01	+2.022017E+00	+3.173367E-01	-1.462521E-01	-3.780639E-01	-5.665285E-01	+2.861982E-01	-1.390584E-01	+1.810909E-01
+1.273700E+00	-9.224024E-01	+1.300981E-01	-1.673762E-01	+4.726615E-02	+1.069975E-01	+6.069906E-01	-1.977071E+00	+2.754405E-01	+1.285535E+00
+5.448667E-01	+4.855288E-01	+5.662274E-01	-1.300057E+00	-1.799645E+00	+3.056288E-01	+3.286361E-01	-3.209465E-01	+1.814930E+00	-1.026564E+00
-1.011830E-01	-9.234532E-01	+6.169684E-01	-8.357942E-02	+7.687462E-01	+1.500313E-01	+7.910936E-01	+2.332767E-01	+7.415390E-01	+2.832247E-01
-5.162671E-01	+1.136443E+00	-3.150339E-01	-3.064654E-01	+1.863399E+00	+4.745780E-01	-1.591652E+00	-1.031573E+00	+1.748730E+00	+1.222815E+00
-1.348306E+00	-1.170752E+00	-1.632152E+00	-4.861822E-01	-6.141208E-01	-1.391108E-01	+5.337399E-01	+1.367663E+00	+1.862324E+00	-7.049790E-01
-1.948331E+00	-2.208733E+00	+4.853724E-01	+2.788654E-01	-1.958289E+00	-9.132914E-01	+1.234226E+00	+1.476812E+00	+1.661964E+00	-2.269536E-02
+1.174213E+00	-1.637278E+00	+1.612583E+00	-9.905438E-01	+7.232190E-01	-3.780816E-01	+3.410149E-01	+3.579602E-02	+3.353235E-01	+1.284075E+00
-1.289253E+00	-1.085320E+00	+1.387801E-01	-2.062669E+00	+1.421354E-01	+1.796769E+00	+1.446979E+00	-9.336988E-01	+2.385939E-01	-9.175413E-02
+2.256435E+00	-2.127323E+00	-9.262763E-01	+8.464781E-01	-6.894957E-01	-4.152835E-01	+3.720549E-01	+1.441262E+00	-1.702022E-01	-1.587346E+00
+1.188088E+00	+1.144413E-01	+2.042321E-01	-1.548537E-02	+1.269099E+00	-2.606093E-01	+2.597512E-01	+3.536401E-01	-1.193008E-01	-1.625652E+00
-1.829784E+00	-2.641365E+00	+1.754617E-01	+1.330070E+00	+3.105917E-01	+1.241913E-01	+7.549688E-01	-1.286555E+00	+4.373886E-01	+1.127095E+00
-1.996589E+00	-5.610358E-01	+1.251880E+00	-5.304785E-02	-2.403659E-01	+2.550501E+00	-8.350852E-01	-5.936942E-01	-1.246973E-02	+3.414084E-01
-1.697686E+00	+2.782762E+00	-4.090737E-01	-1.456345E+00	-2.043446E-01	-5.425182E-01	-2.252243E-01	+6.861678E-01	+5.499156E-01	-4.723504E-02
-1.228183E+00	+7.707929E-02	+1.394408E+00	+8.111817E-01	-2.790530E-01	+2.465318E-01	+1.774473E+00	-5.506288E-01	-9.448304E-01	+5.585126E-01
-6.036541E-01	-1.272358E+00	+8.713897E-01	-1.122341E-01	-8.736414E-01	-2.185600E-01	+1.014157E-01	+8.935990E-01	+4.887010E-01	-1.388775E-01
+4.194060E-01	-1.221549E-01	-7.598451E-01	-7.284748E-01	-6.935777E-01	+1.091038E+00	-4.215771E-01	-1.245491E+00	-2.933910E-01	-3.941449E-01
-7.182217E-01	+8.149901E-01	-2.133782E-01	-9.801066E-01	+6.049874E-01	+1.871482E-01	-2.894463E-01	+9.031195E-01	+9.605940E-01	+2.451148E-01
-1.288114E-01	-3.580310E-01	+1.142565E+00	-1.583474E-01	+1.500542E+00	+4.061689E-01	+2.663095E-01	-1.101171E+00	+6.128856E-01	+8.858070E-01
-2.120173E-01	-1.192624E+00	+8.662666E-02	-7.722275E-02	-2.725926E-01	-9.630728E-01	-1.733778E+00	-9.487290E-02	-1.377807E+00	+2.558379E-01
+5.189791E-01	+2.797636E-01	+1.306660E+00	+1.254216E+00	-5.529531E-01	-1.882273E-01	-1.803157E-01	-5.621490E-01	+1.748483E+00	-5.487995E-01
-2.718038E-01	-8.572508E-01	-4.983371E-01	+1.245905E+00	+2.758853E-01	-2.180958E+00	-2.666379E-01	-8.576317E-01	-1.414631E+00	-1.151114E+00
-6.209136E-01	-1.428191E+00	+1.367190E-01	+7.358618E-02	+1.044580E+00	-2.818473E-01	+1.932328E+00	-5.924664E-01	+7.533648E-01	-6.981606E-01
+9.874212E-01	-9.560731E-02	+1.503570E+00	+1.230340E-01	+1.440811E-01	-6.406407E-01	+7.980232E-01	-6.759209E-01	+5.206835E-01	+1.168420E-01
+5.417552E-01	+1.023361E+00	+2.593665E-01	-4.099336E-01	+6.495155E-01	-5.063558E-01	+1.223995E+00	-8.028564E-01	-3.376504E-02	+5.972617E-02
-1.245390E+00	-5.802840E-01	-3.863981E-01	-1.449219E+00	+1.601675E+00	-3.195609E-03	-1.939794E-01	-8.060051E-01	+1.089345E-01	+1.537865E-01
+1.186665E+00	+6.210039E-01	+2.989716E-01	+8.735079E-01	-1.073276E+00	-4.283268E-01	-8.184584E-01	-5.916629E-01	-3.547665E-01	+6.250093E-01
-6.270714E-01	-1.363669E-02	+3.058794E-01	-6.900572E-01	-1.570398E-01	+3.318422E-01	-1.783859E+00	-6.043112E-01	+6.450687E-01	-2.331182E+00
-5.215244E-01	-6.544735E-01	+1.280187E-02	-8.008358E-01	+1.305810E+00	+4.179294E-01	+5.111799E-01	+2.565309E+00	-1.857641E+00	-9.661458E-01
+8.988697E-01	-3.767364E-01	-3.638113E-01	-8.017633E-01	+1.321405E-01	+1.367370E-01	+6.058222E-01	+1.107150E+00	-1.356148E+00	-4.968670E-01
-2.422449E-01	-4.289617E-01	+1.638118E-01	+1.250491E+00	+2.125134E-01	-1.066143E+00	+1.269692E+00	-4.196738E-01	-1.002607E+00	-8.718573E-01
+8.337562E-01	+1.592158E+00	-1.124852E+00	+1.294633E+00	+4.381800E-01	+7.551892E-01	-1.599529E+00	+1.376212E+00	+3.285354E-01	-8.528741E-01
+1.518637E+00	-1.304391E+00	-2.049689E-01	+1.167118E+00	+1.375710E+00	-1.325341E+00	-3.312759E-01	+1.408820E+00	-9.458893E-01	-1.094610E+00
+6.320539E-01	+5.366113E-01	-1.231299E+00	-1.134629E+00	-7.215054E-01	-1.614169E+00	+5.772017E-01	-2.088514E+00	-7.421812E-01	+3.739819E-01
+1.384499E-01	+1.366569E-01	+2.831159E-01	+3.994403E-01	-1.151246E+00	+4.855416E-01	+1.332824E+00	-3.025460E+00	+5.235631E-01	+6.995833E-01
-1.009924E+00	+3.167079E-01	+2.390106E-01	+1.428469E+00	-1.617868E+00	+7.115758E-01	-1.889007E+00	+9.609926E-01	+6.086860E-01	-4.072145E-01
-1.549482E+00	-5.786500E-02	+7.523473E-01	-1.387496E+00	-3.075514E-01	-9.694462E-01	-1.020267E+00	-5.117022E-01	+2.173154E+00	+1.473172E-02
+2.816526E-01	-5.041843E-01	+6.341314E-01	-3.615594E-01	+7.334037E-01	+2.800706E-01	+2.795745E-01	+2.242161E+00	-1.619856E+00	-6.443395E-01
+2.023097E-01	-4.792942E-01	+5.368022E-02	-1.894321E+00	+2.385733E-01	+5.910240E-01	+2.557278E+00	-1.253019E+00	+2.267526E-02	-3.986942E-01
+1.487816E-01	+6.710324E-01	-2.379939E+00	-3.025325E+00	+3.907455E-01	+4.299558E-01	+1.308727E+00	+3.283606E-01	-3.680777E-01	+4.253473E-02
-5.256621E-01	+3.754428E-01	-1.940295E-01	-1.063606E+00	+1.443509E+00	-7.295353E-01	-1.262992E-01	-6.246190E-01	-1.247224E+00	-8.690153E-01
-3.020829E-01	-7.420916E-01	+2.199396E+00	+9.974896E-02	-1.202771E+00	-9.285952E-01	+8.542872E-01	-1.063639E+00	+2.113547E+00	-1.558825E+00
-9.358634E-01	+9.618670E-01	-1.439515E-01	-9.402091E-01	+1.886914E-01	+1.858583E+00	-1.827393E+00	+1.825700E+00	-2.228564E-01	+1.360029E-01
+5.706278E-01	-7.484240E-01	+1.660365E+00	-1.446270E-01	+1.081615E+00	-9.335767E-01	-8.131346E-01	+2.806762E-01	-7.076213E-01	+5.320050E-01
-7.494239E-02	-7.790659E-01	-1.625056E-02	+6.401925E-01	-4.116695E-01	-1.476099E+00	+1.144186E-02	-2.547298E+00	-8.967847E-01	+1.621859E-01
+1.925979E+00	+1.622500E+00	+1.135001E+00	+2.228356E+00	+1.887151E-01	+1.430838E+00	-2.191540E+00	+5.372841E-01	-6.464438E-01	+4.532261E-01
-1.552417E-01	+1.299479E-01	+1.435850E+00	+7.364288E-01	-2.059398E-01	-1.342831E+00	-6.104188E-01	-2.616065E-01	-1.422125E+00	+2.190138E-01
-1.332351E+00	+8.692598E-01	+1.771221E-01	+6.451897E-01	-9.882185E-01	+9.344640E-01	-4.389726E-01	-5.721469E-01	-8.940305E-01	+1.425718E-01
-7.862132E-01	+3.252766E-01	-2.279678E+00	+1.394948E+00	-1.281187E+00	+4.831920E-01	+1.570267E+00	-1.211298E+00	+1.928448E+00	-2.884267E-01
+1.060664E+00	+4.966177E-01	+7.489963E-01	+4.171258E-01	+1.254355E+00	+1.914109E+00	+1.244318E-01	+3.304162E-02	-2.450300E+00	+1.369094E+00
-4.582806E-02	+6.313545E-01	+5.095075E-01	-3.945023E-01	-6.649785E-01	-7.239154E-01	-3.758725E-01	+2.818355E-01	+4.862287E-01	-1.272520E+00
-1.891799E+00	-1.595493E+00	-1.946747E-01	-1.167029E+00	+3.210322E-01	+5.126938E-01	-3.462699E-01	-2.519456E-02	+2.136900E-02	+2.252705E-01
-3.868150E-01	+6.404112E-03	-1.242775E-02	+7.021186E-01	-5.633541E-01	-2.434041E-02	+2.127308E+00	-9.977969E-01	-4.875195E-01	-4.943422E-01
-1.162784E+00	-9.698385E-01	+1.386403E+00	-1.635951E-01	-5.063713E-01	-7.083764E-01	+1.951425E+00	+2.132572E+00	+1.353705E+00	-1.075558E+00
-5.011946E-01	-1.169113E+00	+4.670136E-01	-9.871037E-01	-2.526250E+00	+5.237164E-01	+3.968586E-01	-6.079297E-01	-9.525967E-01	-3.486293E-03
+2.958482E-01	+1.917669E-01	-2.530116E-01	-8.694725E-01	+5.642287E-01	-1.754613E+00	-1.372803E+00	-1.719413E-01	+1.149074E+00	-7.184110E-01
+4.808907E-03	+3.672555E-02	+2.127552E-01	+1.178060E+00	+1.661760E+00	+6.458762E-02	+1.070917E-01	-1.978336E+00	-2.593876E-02	-1.153405E+00
-1.119286E+00	+6.353593E-01	+7.514960E-01	+1.409883E-01	-1.159266E+00	-1.551979E-01	+3.196291E+00	+2.075902E-01	-5.254127E-01	+6.879688E-01
-4.124054E-01	+1.755897E+00	-8.955874E-01	-3.525001E-01	-8.554505E-01	-2.947416E-01	+1.098185E+00	+2.110636E+00	-9.688577E-01	-2.349945E-01
+1.015483E+00	+5.989069E-01	-1.797412E+00	+7.891627E-01	-8.703693E-01	+1.272571E+00	-1.970346E+00	+1.862512E+00	+1.538593E+00	-5.432944E-01
+6.566462E-01	+8.928483E-01	-1.075928E-01	+8.253306E-01	+1.744361E+00	+1.299517E+00	-6.729802E-01	-4.130065E-01	-1.555847E+00	-2.400983E+00
-2.386155E-01	-6.007337E-01	+4.272360E-01	+1.448017E+00	+2.022662E-01	+7.193265E-01	+4.737291E-01	-2.109970E-01	-2.916647E-01	-2.059844E+00
-1.169992E+00	-2.290466E+00	+1.320535E+00	-4.995054E-01	-1.335606E+00	-2.263397E+00	+2.678737E-01	+3.941031E-01	+1.042447E+00	-3.644188E-01
-5.588573E-02	+2.538539E-01	+1.362164E+00	-6.648218E-01	-8.108241E-02	-9.657855E-01	-6.523313E-02	-9.569908E-01	-2.043825E-01	+7.647858E-01
+1.210010E+00	+1.443316E+00	-1.546060E+00	+5.057727E-01	+1.022899E-01	-8.479361E-03	-6.452289E-01	+7.549034E-01	-8.832031E-01	-2.041479E-01
-4.141391E-01	-5.350641E-01	+3.151211E-01	-7.218208E-01	+7.019536E-01	-2.199288E-01	-9.884615E-01	-3.674940E-01	+8.917926E-01	-1.731406E-01
+6.671151E-01	-3.960923E-02	-7.544954E-01	-5.976029E-01	+6.647090E-01	+1.334730E+00	+7.144860E-02	-6.466145E-01	+1.538453E-01	+5.785049E-02
+6.245654E-01	-1.260153E+00	-5.494229E-01	+4.766448E-02	-1.186248E+00	-5.787528E-02	+1.199681E+00	+1.834394E-01	-8.934684E-01	+3.193112E-01
-8.265616E-01	+8.025243E-01	-6.507842E-01	-7.867015E-02	+9.282584E-01	-6.475807E-01	+1.218663E+00	-1.449175E+00	-1.273878E+00	+4.148541E-01
+7.030066E-01	-1.492161E+00	+2.429626E-01	-5.403005E-01	-5.743123E-01	+4.219067E-01	-1.088862E+00	-4.993928E-01	-5.104773E-01	-1.303384E+00
-8.722937E-01	+4.592113E-01	-4.904222E-01	+1.139611E+00	+1.010370E-01	+1.299335E+00	-4.461917E-01	+1.392346E+00	+9.965521E-02	+1.134483E+00
+7.137875E-01	-1.411227E+00	+8.342609E-01	-1.363566E+00	+2.456202E-01	-1.746644E+00	-7.790369E-02	-2.325923E+00	+1.543238E+00	+6.799408E-02
-1.054184E+00	-4.372263E-01	+3.411925E-01	-2.838127E-02	-4.952126E-01	+5.955878E-01	+1.011123E+00	+3.079047E-01	+2.139492E-01	-1.656813E-01
-2.001788E-02	+8.026505E-01	+2.556564E-01	-1.550425E+00	+1.406261E-01	-1.741084E+00	-1.602978E-01	-1.142358E+00	+1.801176E+00	+3.959296E-01
-1.038420E+00	-6.702861E-01	-3.432772E-01	+2.368929E+00	-8.196572E-01	+6.155195E-01	+1.420417E-01	+1.155768E+00	-1.141811E+00	-4.079498E-01
-7.300506E-01	-1.338109E-01	-4.922910E-02	+3.754440E-01	+5.019966E-01	+4.569434E-01	-9.754659E-01	-7.202993E-01	+9.372769E-02	-3.725882E-01
+1.053177E+00	+2.134751E-01	-1.003453E+00	-6.200078E-01	+4.255408E-02	+5.843436E-01	+5.112642E-01	-8.192358E-01	+7.274882E-01	-9.806523E-01
-4.481302E-01	+8.923539E-01	+1.601121E+00	+1.411173E-01	-2.363972E-01	-8.341244E-01	+5.445529E-01	-6.992803E-01	-6.093607E-01	+2.424264E-01
+9.453838E-01	-3.878457E-01	-7.502773E-02	+6.049715E-01	-4.099477E-01	-1.399977E+00	-2.171080E+00	-6.669076E-01	+1.170257E+00	+1.307570E-01
-7.215337E-02	+8.162439E-01	+4.567612E-01	+3.799623E-01	+9.425392E-01	-5.957812E-01	+9.623238E-01	-1.448393E+00	-1.711215E+00	-2.248935E-01
+4.692273E-01	-1.498743E+00	+9.434883E-01	-1.383162E+00	-6.013517E-01	+2.016671E-01	-1.504222E+00	+7.724105E-01	+4.384628E-01	+1.266303E+00
+3.039835E-01	-2.410431E-01	+2.299859E-01	+9.821150E-01	+3.605109E-01	-1.548799E+00	+1.402167E-01	-1.608994E-01	-8.711219E-01	+4.463190E-01
-1.206672E+00	+6.191229E-01	-4.373617E-01	-1.723975E-01	+6.139520E-01	-1.743813E+00	+1.499526E+00	-6.443107E-01	+4.343116E-02	+1.978345E-01
+2.177580E+00	-3.520257E-01	+8.818300E-01	-1.492946E+00	+1.633201E+00	+7.431765E-01	+8.546114E-01	+3.341176E-01	-4.162450E-01	-1.445154E+00
+6.466222E-01	+5.107879E-01	-4.322438E-01	-6.180929E-01	-1.388519E+00	+9.337087E-01	+6.095893E-01	-6.532126E-01	+3.875211E-01	+8.378219E-02
+6.296050E-01	-7.485585E-01	-1.886800E-01	+1.850085E+00	-6.615288E-02	+1.715135E+00	+1.727369E+00	+1.711255E-01	-9.635480E-01	-2.131790E-01
+1.632896E+00	+5.746182E-02	-9.773365E-01	+1.083908E+00	+8.493114E-01	-2.302740E-01	-1.919787E+00	+6.821834E-01	-2.053989E+00	-4.451272E-01
+6.212864E-01	-2.287511E+00	+3.860956E-02	+2.626017E+00	-7.928656E-01	+4.043310E-01	-7.298859E-01	-7.905015E-01	+1.817264E+00	+1.516216E+00
+4.415749E-01	+9.332501E-01	+2.810145E+00	+9.881500E-01	+7.117738E-01	-1.017788E+00	-1.210420E+00	-3.105887E-01	+4.435109E-01	-1.373828E+00
+1.348422E+00	+1.376227E-01	+2.412439E+00	-8.054752E-01	+5.286461E-02	-2.089199E+00	+1.224324E-01	+1.139186E+00	+9.799720E-01	-7.375333E-01
-3.961166E-01	-1.116984E+00	+8.708452E-01	-4.523200E-02	-1.070867E+00	+3.646201E-01	-1.738856E-01	+1.458732E+00	+4.784521E-01	-5.898012E-01
+4.605134E-01	-1.807203E+00	-1.180299E+00	+3.132712E-01	+3.138460E-01	+7.055947E-01	-9.195763E-02	+8.126043E-01	-1.013442E-01	-4.436946E-01
+3.666611E-01	-2.712074E-01	+6.815863E-01	-2.054741E+00	-1.039313E+00	+7.418814E-01	-1.300463E+00	-1.749216E-01	+8.958359E-01	+1.178991E-01
+2.071990E+00	-1.046757E+00	+1.080164E+00	+8.877332E-01	+2.228844E-01	+1.831752E+00	+4.503791E-02	-2.969140E-01	-8.356527E-01	-8.552741E-01
+1.350412E+00	-3.303071E-01	+1.158515E+00	-3.235156E-01	-1.322069E+00	+1.607464E+00	-2.522056E+00	+2.936236E-01	-1.588662E+00	-2.000465E-01
-4.581080E-01	-8.444666E-01	+7.856187E-02	+6.516860E-01	-7.977976E-01	-1.766337E+00	-7.540995E-01	+1.520740E+00	-4.824930E-01	-1.430908E-02
-4.547630E-02	-1.931632E+00	+6.066042E-02	+3.469127E-01	-4.967793E-01	+4.727005E-01	-3.992327E-01	-8.020360E-01	-5.245249E-01	+3.163906E-01
+1.333082E+00	-1.645315E+00	+5.242451E-02	+8.219506E-02	+3.760923E-01	-4.156772E-01	-4.611726E-01	+5.011934E-01	-1.232961E+00	+2.272750E+00
+6.268335E-01	+2.338390E+00	-1.010135E-01	-2.367290E+00	-5.159942E-01	+7.025365E-01	-3.895853E-01	+8.573139E-02	+1.237305E+00	+1.328746E+00
-1.644730E+00	-6.361248E-01	-1.109946E+00	+1.819146E+00	+9.699741E-03	+1.022365E-01	+3.654906E-01	-1.608708E+00	+8.834403E-02	-1.329808E+00
+4.460906E-02	+3.542235E-01	-3.533622E-01	-1.244036E+00	+5.143168E-01	+1.707974E+00	+2.430777E+00	-1.252602E-01	+1.374509E+00	+1.493568E+00
-1.196277E+00	-2.800866E-01	+6.410785E-02	+1.351082E+00	+1.621730E-01	-2.010446E-01	-1.469012E+00	+2.603442E-01	+1.659469E-01	+9.296961E-01
-6.487447E-01	+1.392110E+00	-1.570646E+00	-8.019143E-01	-3.051382E-01	+3.505101E-01	+6.877232E-01	-7.687390E-01	+7.287442E-01	+1.845093E+00
+5.224338E-01	+4.146414E-01	-5.077806E-01	+1.467515E+00	+3.187932E-01	-4.879417E-01	+1.528713E-01	-7.562622E-01	+4.507541E-01	-9.705159E-01
+6.018346E-01	+6.869981E-01	-1.359911E+00	-1.083297E+00	-6.576973E-01	+1.689902E-01	+1.104874E+00	-1.138886E+00	-8.805942E-01	-4.372019E-01
-1.026486E+00	-1.973178E-01	+1.001346E+00	-1.346334E-01	+1.633893E+00	-1.738787E+00	-1.563060E-01	+4.315133E-01	-2.239463E-01	+7.734983E-01
+6.678548E-01	+1.024045E+00	+8.710156E-02	-7.500138E-01	-5.350872E-01	+1.183173E+00	-2.614928E-01	+7.322252E-01	+1.707085E+00	-3.572069E-01
+2.468548E-01	+1.901548E-01	+5.334276E-01	+8.179713E-01	+1.048547E+00	-1.694422E-01	+1.546361E-01	-1.360727E+00	+7.689059E-02	+2.355330E+00
-2.367771E-01	-7.885330E-01	+8.103073E-01	+5.424354E-01	-4.617336E-02	-9.645943E-01	-2.326404E-01	+4.817255E-02	+1.223719E+00	+1.752037E+00
-3.792272E-01	-4.122627E-01	+5.466619E-01	+6.436171E-01	-1.187629E-01	+2.400673E+00	-8.587385E-01	+5.238427E-01	+6.070615E-01	+1.936570E-01
-1.157054E+00	-7.604376E-01	+5.611258E-01	-1.071598E+00	-1.793163E-01	-8.002116E-01	-3.782426E-01	-1.041391E+00	+1.062825E-01	+1.560240E-01
-8.824454E-01	+2.973772E+00	+3.047090E-01	+8.800741E-03	-1.788313E-01	+6.743248E-01	+2.009877E+00	+9.571894E-01	+6.878556E-01	+2.286272E+00
+1.561469E+00	-6.253362E-01	+5.137283E-01	-6.607573E-01	-1.269325E+00	+5.975823E-01	-6.532128E-01	-1.755945E+00	-9.271496E-01	+1.029041E+00
-2.615085E-01	+2.038359E-01	-1.065641E+00	+8.424804E-01	-1.829568E+00	+5.461017E-01	+1.333430E+00	+1.639287E-01	-6.167751E-01	+2.218058E-01
+9.666983E-01	+8.720711E-01	-1.151530E+00	-2.734383E+00	+1.251374E-01	-3.402560E-01	+3.299709E-01	+2.137666E-01	+2.710304E-01	+1.142901E+00
-1.911006E-01	-7.171813E-02	-9.664254E-01	+7.451840E-01	+1.096880E+00	-3.276055E-01	+9.614169E-01	+1.163378E+00	+9.115224E-01	-1.300775E+00
-1.565180E+00	+1.075107E-01	-6.176552E-01	+1.201831E+00	+6.747821E-02	+1.914334E-01	-5.914543E-01	-6.501362E-01	-1.369992E+00	+1.121759E+00
+2.183069E+00	-1.554016E+00	-7.506458E-01	-6.804732E-01	+9.911434E-01	+7.490864E-03	-1.095952E+00	+7.335422E-01	+8.804028E-01	+1.954851E+00
-6.185431E-01	-8.509341E-02	-2.805597E-02	+5.847427E-01	-1.258211E+00	+1.421462E+00	-3.968443E-02	+2.253907E-01	-2.621347E-01	-1.370594E+00
+5.020972E-01	+1.889953E+00	-3.026091E-01	-1.961162E-01	+9.848874E-01	-6.370058E-01	-6.408896E-01	-1.712459E-01	-7.441340E-01	-4.703467E-01
+2.854064E-01	+1.294880E+00	-2.493888E-01	-2.079462E+00	-4.163651E-01	-3.270714E-01	+7.774539E-01	+1.129900E-01	-9.807577E-01	-4.440927E-01
+5.823413E-01	-9.295337E-01	+1.068649E-02	+1.415023E+00	-9.673799E-01	+1.135261E+00	+1.674595E+00	-8.832787E-01	+1.571019E+00	+1.319804E+00
-6.952520E-01	+5.598631E-01	+5.948049E-01	-1.992810E+00	-6.798964E-01	+1.145698E+00	-5.649871E-01	+7.993753E-01	+1.273544E+00	-2.458163E-01
+1.234552E+00	-1.666817E+00	+2.960663E-01	+1.918970E-01	-3.162073E-01	-2.370551E-01	+2.993635E-01	+9.224044E-02	-1.068410E+00	-1.283538E+00
+9.651459E-01	-2.169894E+00	-7.140384E-02	+1.552127E+00	+3.762366E-01	+5.399074E-01	+1.726879E+00	-5.432559E-01	-5.740467E-01	+3.398372E-01
-2.071793E-01	+5.204022E-01	+8.368521E-01	-9.176707E-01	+1.027441E+00	+1.157793E+00	+4.939547E-01	-3.899450E-01	+5.271714E-02	-1.568278E+00
-3.055730E-01	+5.833764E-01	-1.595246E+00	-1.094493E+00	+4.867006E-01	+1.996649E+00	+1.134464E+00	-9.576650E-01	-1.615195E+00	-4.859757E-01
-1.190589E+00	+1.249965E+00	-1.995719E+00	+1.050606E+00	-1.319200E+00	+7.828161E-01	+4.877144E-01	-2.313345E-01	+1.705848E+00	-2.151499E-01
-2.441299E-01	-4.421109E-01	-7.005569E-01	-1.363297E+00	+7.325811E-01	+1.068080E+00	+1.052695E-01	-1.052877E+00	-7.459549E-01	-1.432364E+00
+5.359593E-01	+2.879819E-01	-1.661000E-01	-1.030927E+00	+2.548850E-01	-4.598614E-01	-5.637605E-01	+1.330897E+00	+2.679803E-02	+1.826764E-01
-7.472365E-01	+5.405395E-01	+9.266273E-01	+9.214209E-01	+3.791269E-01	+1.200255E+00	-8.149523E-01	+5.794336E-01	-1.025226E+00	+1.850452E+00
-7.787809E-01	-1.437279E+00	+1.042574E+00	-1.095467E+00	+2.725556E-01	-3.367631E-01	+1.538649E+00	+1.100105E+00	+6.729157E-01	-2.252454E-01
-7.186335E-01	-5.404470E-01	+9.685016E-01	+1.117217E+00	-1.193754E+00	-8.772774E-01	+7.600365E-03	+6.504436E-01	-2.015558E-01	-1.188099E+00
+9.690080E-01	-2.939522E+00	+2.315112E-01	-1.399364E+00	-5.979829E-01	+1.114616E+00	+8.020053E-01	+1.394348E+00	+6.867167E-01	+6.300563E-01
+1.164773E-01	+3.258872E-01	-1.253078E+00	+6.395712E-01	+7.507420E-01	-3.440881E-01	+4.622816E-01	-3.955017E-01	-5.391203E-02	-9.042333E-01
-3.316105E-01	-6.287089E-02	+4.749000E-01	+2.744656E-01	+1.045059E-02	-1.692276E+00	+7.039570E-01	+2.323262E+00	+4.307816E-01	-9.680684E-02
+2.067971E-01	+1.627728E+00	+6.247261E-01	+1.049253E-01	-5.604109E-01	-1.865618E+00	+1.141911E-01	+9.622123E-01	-8.710031E-01	+5.806239E-01
+1.725042E+00	-1.703502E+00	+2.323525E-01	+4.018759E-01	+1.650243E+00	-4.716681E-01	-5.954639E-01	+1.130506E+00	+1.008700E+00	-7.096777E-02
+5.615010E-01	+6.198318E-01	-8.662357E-01	-1.319058E+00	+1.185307E+00	-1.756472E+00	+8.301539E-01	+1.096888E+00	+2.992139E+00	+8.628520E-01
+1.059248E+00	+4.525525E-01	+7.188949E-01	-1.641573E+00	+1.785032E+00	-1.055737E+00	+8.980640E-01	+2.946537E-01	-1.320368E+00	+1.065016E+00
-4.380989E-01	-4.939052E-01	-7.376839E-01	+1.186255E+00	+1.249502E+00	+2.620873E-01	-1.715036E+00	-1.318932E+00	-3.145557E-01	+3.754804E-01
-6.477356E-01	-1.081562E+00	+2.085261E+00	+2.122551E+00	-8.242575E-01	+7.201800E-01	+1.079299E-01	-4.796768E-01	-4.381533E-02	-6.908851E-01
+1.289099E+00	+3.884773E-01	-3.862775E-01	-1.173483E-01	-1.385193E+00	-1.686619E+00	-1.697501E+00	+1.630412E-01	+1.162666E+00	-4.497764E-02
-2.816765E-02	+4.075018E-01	-9.038303E-01	-6.248101E-01	-1.443251E+00	-1.423063E+00	-4.097924E-01	+9.864195E-01	-7.189791E-01	+2.017296E-01
+3.631634E-01	-1.060453E-01	+1.879575E+00	-5.759101E-01	+5.598385E-01	+2.922895E+00	+8.748629E-01	-7.765320E-01	+1.052014E+00	-1.421065E+00
-4.441879E-02	-6.114843E-01	-8.910697E-01	-7.614822E-01	+5.894694E-01	+1.335879E+00	+7.473289E-01	-2.353658E+00	-9.347801E-01	+3.668403E-02
-2.449791E-01	-4.545581E-01	-4.233698E-01	-6.372288E-01	+5.502915E-01	+1.004731E+00	+6.041771E-01	+1.179407E+00	+7.238054E-01	+4.288175E-01
+6.132127E-01	+1.291469E+00	-8.006884E-01	-1.432677E+00	-1.936376E+00	-1.450141E-01	-1.248537E+00	+5.902347E-01	+3.090444E-02	+5.114303E-01
-1.031718E+00	-6.615167E-01	-7.856078E-01	+1.084509E+00	-1.706924E+00	+2.061332E+00	-8.224277E-01	-8.722665E-01	-2.038734E-01	-3.605464E-01
-5.050587E-01	+1.983999E-01	+4.656553E-01	-3.414194E-01	+2.351673E+00	+1.556995E-01	-1.509984E+00	-6.128006E-01	-1.533740E-01	+6.543719E-01
-1.254222E+00	+1.229666E+00	-1.077461E+00	+4.535475E-01	-6.925451E-01	+2.426135E+00	+1.954352E+00	-1.010664E+00	+1.788459E-01	+8.249827E-01
+1.405121E+00	-1.503642E-01	+3.611244E-01	-3.725161E-01	-1.669757E+00	+2.630712E-01	-6.657582E-01	+7.790130E-01	+1.666044E+00	+9.869649E-01
+9.122674E-02	-9.741005E-01	+8.696809E-01	+5.023322E-01	+3.941295E-01	+9.212931E-02	+8.166324E-01	-5.602558E-01	+3.330227E-01	+8.778155E-02
-5.485314E-01	+6.352321E-01	+6.112376E-02	+1.809740E+00	-1.885978E-01	+1.604848E+00	-1.394138E+00	-1.455127E+00	+4.275366E-01	+8.061643E-01
-6.412277E-01	+2.634002E+00	-3.648293E-02	+4.719820E-01	+1.495843E+00	+5.742230E-01	-9.238391E-02	-2.798253E-02	+1.988697E-01	+1.018003E+00
-1.300968E+00	+4.364602E-02	+1.447472E+00	+3.301506E-01	-8.515799E-01	-1.724480E+00	-1.019271E+00	+5.932207E-01	-3.070256E-01	-9.483992E-01
-3.200051E-01	-1.470627E+00	-4.277945E-01	+2.198021E-01	-4.902767E-01	-9.303129E-01	+1.292115E-01	+2.158216E-01	-1.056132E+00	+4.988601E-02
-1.232622E+00	-9.031431E-01	+4.878050E-02	-6.293541E-01	+1.385104E+00	-9.976052E-01	+6.261631E-01	+1.413483E+00	-1.690751E-01	-1.083788E-01
+1.991613E-01	-8.595981E-01	-1.088839E+00	-4.279725E-01	-5.801906E-01	-8.602069E-01	+2.765643E-02	+9.741882E-01	+9.390174E-01	-2.015031E+00
-1.032795E+00	-1.301687E+00	+1.632401E-01	+4.483109E-01	-6.379346E-02	+1.352775E+00	+1.766588E-01	+1.716216E+00	+5.385226E-01	+7.516993E-01
+4.816119E-01	+1.230895E-01	+3.263123E-01	-6.247329E-01	+1.024051E+00	-6.378628E-03	+6.282699E-01	+1.462588E-01	+1.546745E+00	-1.802970E-02
+1.326032E-03	+8.474427E-01	+9.310434E-01	-8.746730E-01	+7.383288E-01	+3.437987E-01	-1.096956E+00	+1.252020E+00	-8.590681E-01	+8.723922E-02
-1.249200E+00	-1.062046E+00	+1.200952E-02	-6.865551E-02	+1.997999E+00	+7.560223E-01	+3.477897E-01	-5.913893E-01	+8.106981E-02	+7.092606E-01
+2.936020E-02	+1.043860E+00	-6.674735E-01	-2.398578E+00	-1.299307E+00	+1.992344E+00	-1.001344E+00	-8.125963E-01	-6.223807E-01	-1.889694E+00
-4.649268E-01	+9.074881E-02	-8.503718E-01	+1.673043E+00	-9.471074E-04	+1.019845E+00	+1.083703E-01	-5.784893E-03	-1.136168E-01	-1.464152E+00
+1.797886E+00	-7.814863E-01	-9.987564E-01	+4.287342E-01	+5.835962E-01	+1.910115E+00	+2.299322E-01	+4.122830E-01	+6.172290E-01	-7.155982E-01
-7.523318E-01	-1.597415E-01	+2.679811E-01	+3.152571E-01	+1.074534E+00	+4.930510E-03	+1.487873E+00	+2.400800E+00	+4.695613E-01	+2.113373E-01
+1.668964E+00	+1.535222E-01	+3.380859E-01	-3.736511E-01	+5.073795E-01	+5.201411E-01	+3.652617E-01	+8.315335E-01	-1.162622E+00	-4.187837E-01
+2.379860E-01	-1.681598E-02	+2.715561E-01	-1.119422E+00	+2.575989E-01	-1.023837E+00	-4.356721E-01	+4.932022E-02	-2.111171E+00	+3.436232E-01
+1.934584E+00	-2.802093E+00	+1.035664E-01	-6.409785E-01	-1.117298E+00	-2.814916E-01	-1.492492E+00	-6.124323E-01	+5.796748E-01	+2.955138E-01
+1.591710E+00	-1.457657E-01	-9.445555E-01	+1.532733E+00	-5.655325E-03	-1.337843E+00	+2.024224E+00	-1.282618E-02	-1.758555E+00	+8.419506E-01
-1.747380E+00	-1.549270E+00	+1.643563E+00	-2.555534E-01	+7.051857E-01	-1.272091E+00	+1.158010E+00	+2.924456E-01	-8.871171E-01	+1.075544E+00
-3.242734E-01	+5.577021E-01	+1.737778E+00	-3.276221E-01	-4.733488E-01	+2.026393E-01	+5.670614E-01	-4.791190E-01	-1.496910E-01	-8.344461E-01
-1.100622E+00	-1.000218E+00	-2.475905E-01	-1.313144E+00	-8.276240E-02	+2.792627E-01	+6.564901E-01	+4.856683E-01	-2.821859E-02	-5.256456E-01
-1.030981E+00	-7.259771E-01	-4.375085E-01	-1.635742E-01	-6.753032E-01	-8.939290E-01	-3.924819E-02	+6.381854E-01	-5.630157E-02	-7.165925E-01
+6.747535E-01	+8.210050E-01	-8.986319E-01	-1.761623E+00	+1.801824E+00	+1.350210E+00	-1.316337E+00	+1.482165E+00	+9.452766E-02	-9.703599E-01
+8.628050E-01	+2.365708E-01	-8.405976E-01	+2.411078E-01	-1.167015E+00	+5.095237E-01	-7.904672E-01	-1.811779E-01	+5.450259E-02	-7.615580E-02
-7.987410E-02	-1.961225E-02	-8.678961E-02	-4.804757E-01	+6.230127E-01	+9.636059E-02	+4.499643E-01	+4.383266E-01	-5.824316E-01	+2.908275E-01
-4.259224E-02	-1.207133E+00	-1.495358E-01	+8.898757E-01	-1.545802E-01	-1.170868E+00	-1.211375E+00	+9.451582E-02	+2.105299E+00	+8.301056E-01
+1.730469E-01	-1.030725E+00	-1.130882E+00	-4.895569E-01	+1.899770E+00	+1.610255E+00	+1.743285E+00	+2.135607E+00	+9.518619E-01	-7.208118E-01
+1.183380E-01	-9.918653E-01	-1.258910E+00	-8.438998E-01	+7.459668E-01	+1.440316E+00	-4.460434E-01	+7.252719E-01	+1.029025E-01	-4.390367E-01
-1.557352E-01	+5.906889E-01	+2.260910E+00	-1.175615E+00	+2.106307E-01	+5.177874E-01	-1.822549E-01	-7.381533E-02	+7.775898E-01	-1.188552E+00
-3.520397E-02	+1.647518E-01	+5.226239E-01	+5.314853E-01	+1.417962E-01	-4.574898E-01	-4.490897E-01	+8.958881E-02	+2.279578E+00	-2.334712E-01
-2.767515E-01	-1.379223E-01	+1.498644E+00	-1.877409E+00	+2.009625E+00	+2.204740E+00	-5.314106E-01	-2.153136E-01	+5.539311E-01	-7.650992E-01
+4.506919E-01	-6.854694E-01	+1.405114E+00	-8.676312E-01	-2.659003E-01	-3.843633E-01	-1.391527E+00	-5.021577E-01	-9.089869E-01	+8.559032E-01
-5.395359E-01	-3.942690E-01	-4.769373E-01	+1.671388E+00	-1.633064E-02	+1.470345E+00	+2.480791E+00	+2.765245E-01	+1.519385E-01	-1.834273E+00
-1.477432E-01	+1.179224E+00	+1.871349E+00	-3.866338E-01	-5.727648E-01	+6.546245E-01	+2.303832E+00	-1.429878E+00	-1.120788E+00	-1.413506E-01
+1.301982E+00	-6.717987E-02	-1.022291E+00	+3.543216E-01	+2.787710E-02	+1.410112E+00	+3.013806E-01	-1.023920E+00	+5.391391E-01	+1.027823E+00
+5.056852E-01	+9.352857E-01	-4.913559E-01	+4.552123E-01	+8.610377E-01	+1.116098E+00	-1.751376E+00	+5.639615E-01	-9.448891E-01	+1.933497E+00
+1.021652E+00	+1.756744E-01	-2.772617E-01	+7.318540E-01	-5.411248E-01	-1.534374E+00	+4.871683E-01	-8.949557E-01	-1.635078E+00	+1.704579E-01
-3.405362E-01	-1.112558E+00	-2.823555E-01	-8.736777E-01	+9.837504E-01	+1.009707E+00	-5.429675E-01	+2.877180E-01	+1.643669E-01	-1.735848E-01
-1.940102E+00	+1.380722E+00	-9.401206E-01	+4.195056E-01	-7.355448E-01	+1.798348E+00	+1.091976E+00	+4.262486E-01	-4.513815E-01	-1.487592E+00
+9.353881E-01	-3.675747E-01	-4.404315E-01	+1.342616E+00	+1.087168E+00	+1.686181E-01	-3.099955E-02	+1.444284E+00	-1.236353E+00	-1.721696E+00
+4.959888E-01	+6.037863E-01	-1.873570E+00	+1.116684E+00	-1.694138E-01	-1.574856E+00	+1.986244E-01	+8.470215E-01	+1.053019E+00	+6.012014E-01
-2.294632E+00	+5.236002E-01	-1.739131E-01	+5.163054E-01	+8.071561E-01	-3.996402E-01	+9.089494E-01	-1.103180E+00	+1.394921E+00	+2.014542E-01
-1.316568E-01	-1.716700E+00	+9.104225E-02	+5.292045E-01	-1.122087E+00	+1.712188E-01	-6.545776E-01	+4.915946E-01	-2.949713E-01	-1.265161E-01
+4.141765E-01	-1.477459E+00	-1.812676E+00	+1.177057E+00	-3.734375E-02	-2.813100E-01	+3.461785E-01	-1.052168E+00	+1.142263E-02	-8.583117E-01
+5.802636E-01	-1.147021E+00	+3.391566E-01	-6.630324E-02	+3.305505E-02	+8.854482E-01	-4.383349E-01	-1.410978E-01	+2.004162E+00	-1.230217E+00
+2.457080E+00	-2.113111E-01	-7.301754E-03	+4.506506E-01	-7.677085E-01	-6.504009E-01	+5.234373E-01	-1.056958E+00	+1.049905E+00	+9.312397E-01
-1.670105E+00	-1.236250E+00	+4.839022E-01	+1.228996E-01	-8.166431E-02	-6.478882E-01	-2.351714E+00	-4.610646E-01	+4.319034E-01	-1.710828E+00
-6.745671E-01	-7.796565E-01	-6.304331E-01	+3.278668E-01	-8.494686E-02	+3.530840E-01	+8.988602E-01	-2.478134E-01	-5.674590E-01	-2.310740E+00
-3.405736E-01	-4.069948E-01	-1.485428E+00	-4.641995E-01	-1.299180E-01	-9.331156E-01	+3.877885E-01	-9.657299E-01	+6.214018E-01	+4.705387E-01
+3.494993E-01	-5.267358E-01	+2.072095E+00	-1.099802E-01	+4.220794E-01	-4.152832E-01	+7.567944E-01	-7.483371E-01	-1.300985E-01	+1.281874E+00
+1.434684E+00	+6.946254E-01	-3.921027E-01	-7.851114E-01	-6.422491E-01	-1.404543E+00	-1.727741E-01	+6.870834E-01	-5.087736E-01	+2.143680E-01
-6.245170E-01	+9.500161E-01	-4.154575E-01	-6.035853E-02	+1.228187E+00	+1.151652E+00	+1.116960E-02	-7.974122E-03	-1.075410E+00	-1.128225E+00
+6.758932E-01	-1.941879E+00	-9.442378E-01	+1.809878E-01	+1.062272E+00	+6.660562E-01	-6.470322E-01	-1.116544E+00	+4.780170E-01	+1.110930E-02
-1.416783E+00	-8.896980E-01	-1.420426E+00	-1.246605E-01	+1.160682E+00	-5.489344E-01	+1.935120E+00	+5.899853E-01	-8.376420E-01	-9.899940E-02
+9.628800E-01	-6.313505E-02	+5.165025E-01	+3.850743E-01	+7.170130E-01	-3.459325E-02	-1.474715E+00	-4.242161E-01	-1.146072E+00	-1.019699E-01
+4.020907E-02	+2.107937E-02	-1.441560E+00	-1.377419E+00	+1.295357E+00	-1.003572E+00	-9.003191E-01	+1.150649E-01	+4.763856E-01	+9.127139E-01
-3.879457E-01	+6.045955E-01	+8.691550E-01	-4.118097E-01	+1.598277E-01	+2.145137E-01	-1.131812E-01	+1.400931E+00	-2.179958E+00	+9.370876E-01
+1.903978E-01	-1.014115E+00	-4.212026E-01	+1.576682E+00	-3.971708E-01	-4.588606E-01	+8.782197E-01	+1.373499E+00	+9.219701E-01	-7.315187E-01
+7.533583E-01	+4.525909E-01	+2.546078E-02	+4.883109E-01	-7.619794E-01	+6.920603E-01	-8.157488E-01	+1.040135E+00	+1.243943E+00	+3.839988E-01
+2.267750E-01	-6.752386E-01	+1.944195E-02	+4.557928E-01	+1.830367E+00	-6.741091E-01	-8.357587E-01	-6.191938E-01	+1.360782E-01	-2.542664E+00
-2.587031E+00	-1.860965E+00	-1.752910E-01	+7.909616E-02	-4.410972E-02	-4.963319E-01	-2.517495E-01	-1.085613E+00	+5.936611E-01	-1.621971E+00
+6.634711E-01	+1.076977E+00	+3.631817E-01	-1.328737E+00	-1.816711E-01	-1.289886E-01	+1.202583E+00	-3.650214E-01	+6.772541E-01	-5.390705E-01
-2.102434E+00	+9.331137E-01	-1.717276E+00	-7.996527E-01	+1.312952E+00	-6.834736E-01	+5.238790E-01	-1.233285E+00	-6.261332E-01	+1.145573E+00
+4.235263E-01	+1.203715E+00	-3.016424E-01	-5.975423E-01	-2.223367E-01	+6.620564E-02	-1.633583E+00	-8.953447E-01	-6.373067E-01	-1.208581E+00
+3.545731E-01	-1.109386E+00	+1.759680E+00	+4.325300E-01	-3.389307E-02	+1.785426E-01	+9.043244E-01	+1.841970E+00	+8.935514E-01	+1.548053E-01
+1.836836E+00	-5.491611E-01	-7.709286E-01	+5.006163E-02	-4.267178E-01	-1.009850E+00	-1.631551E-01	+1.622114E+00	-2.104431E+00	+1.155702E-01
+6.946848E-01	+2.080270E-01	+3.052511E+00	+1.172490E-01	+1.062839E+00	+1.780312E+00	+4.899820E-02	-1.953839E+00	-3.743933E-01	-1.366110E-01
+7.137044E-01	+4.353606E-01	-2.590414E-02	-4.154202E-01	-6.385954E-01	+7.738237E-01	+7.006995E-01	+1.730687E-01	+9.514685E-01	-1.534844E+00
-1.190781E+00	+1.167031E+00	+2.526121E-01	+1.372576E+00	+2.587292E-01	+3.312462E-01	+2.371939E+00	+1.357127E+00	-3.986013E-01	-8.997644E-01
-1.293121E+00	-2.453798E-02	+1.873834E-02	-8.979203E-02	+1.380007E+00	-1.475248E+00	-2.434815E-01	+1.821733E+00	-1.149617E-01	-8.573997E-02
+6.873481E-01	+1.432412E+00	+1.871007E-01	-2.160201E+00	-3.360937E-01	-1.848131E-01	-1.289187E-01	-4.980918E-01	-1.107727E+00	-6.899608E-01
+2.297504E-01	+4.608074E-01	-4.304586E-01	-1.440237E+00	-9.354247E-01	-2.349413E-02	-7.678386E-01	+2.473814E-01	-4.360855E-01	-5.105849E-01
+1.704311E+00	+1.284863E+00	-3.693390E-01	+5.997559E-01	+1.521758E+00	-2.075047E+00	-1.001511E-01	-5.940077E-01	-1.800209E+00	+2.992592E+00
-7.049585E-01	-2.728189E-01	-6.627662E-01	+5.551929E-01	-5.871497E-01	+9.181205E-01	+1.547269E+00	+3.013370E-01	-7.395688E-01	+3.413582E-01
+1.659250E-01	+6.518521E-01	+2.867961E-01	+2.768792E-01	+1.439089E-01	+7.810484E-02	-2.019672E-01	+2.779828E-01	-4.731462E-02	+2.881413E-01
+7.401523E-01	+2.496132E-01	+1.757572E+00	-8.578710E-01	+7.077557E-01	+6.414138E-01	-1.065420E+00	+1.858211E+00	-1.090568E+00	+1.424300E+00
+1.819873E+00	-8.301877E-01	-1.548049E+00	-1.395793E-02	-1.082148E-01	-7.137923E-01	-8.764519E-01	-1.741423E-01	+8.838131E-02	-7.356929E-01
-1.760495E+00	-7.798089E-01	+1.526477E+00	+1.531827E+00	-1.960859E+00	-6.201006E-01	-1.118295E+00	-7.600505E-01	-2.112707E-01	+1.413600E+00
-4.638749E-01	+1.327924E+00	+1.140768E+00	+1.394621E-01	+2.500446E-01	-1.976627E+00	+4.062544E-01	-4.848898E-01	-1.316759E+00	-1.761268E-01
-9.033762E-01	-3.541311E-01	+1.143117E+00	-7.846571E-01	+4.805623E-01	+2.865504E-02	+2.840862E-02	-1.070829E+00	+8.844326E-01	-5.314226E-01
-1.071425E+00	-8.480213E-01	+9.969266E-01	+5.475454E-01	-9.069945E-01	+3.934554E-01	-5.273796E-01	+1.008379E+00	-8.826249E-01	+3.008242E-01
-1.704549E+00	-4.147405E-01	-5.412967E-02	+2.820864E-01	-6.717628E-01	-5.733646E-02	+4.471896E-01	-4.540441E-01	+4.790349E-01	+1.590089E+00
-2.756457E-01	+4.970110E-01	-9.271380E-01	+4.916510E-01	-1.958453E-01	+1.980493E-01	+6.395940E-01	-3.308692E-01	+3.909805E-01	-3.032511E-01
-5.144882E-01	-8.293652E-01	+1.521735E-01	+1.202653E+00	-9.090063E-01	-4.490809E-01	-1.237043E+00	+6.249714E-01	+1.758345E-01	-4.187947E-01
+2.284249E-01	-6.440480E-01	-5.059356E-01	-8.555408E-01	-1.003141E+00	-1.999426E-01	-1.307439E+00	+3.055223E-01	+2.088028E-01	-2.790346E-01
+8.560830E-02	+2.398010E-01	+3.576882E-01	+1.216837E+00	-3.750842E-01	-9.410867E-01	-9.328648E-01	-1.534913E-01	+3.136325E-01	-5.294769E-02
+3.814411E-01	-2.205885E-01	+6.555316E-02	+7.163459E-01	+4.685550E-01	-1.021197E+00	-3.602573E-01	-1.046170E+00	+1.755944E+00	+8.451247E-01
-4.013725E-01	-4.883884E-01	+1.873738E-01	+3.754860E-01	+1.558814E+00	+1.649432E-01	+1.203911E+00	-2.125986E-01	+5.459623E-02	+7.037949E-01
-1.398592E+00	-1.387533E+00	-6.940309E-01	-1.492193E-01	-6.970046E-02	+1.001277E+00	-1.228195E+00	+1.194507E+00	-1.515884E+00	-8.113493E-01
+1.117343E-01	+8.913524E-01	-2.390294E+00	+2.893813E+00	+1.353358E+00	+3.031500E-01	+7.878620E-01	+1.359895E+00	+2.002309E-01	+6.828992E-01
-3.031781E-01	+6.766920E-01	+8.558826E-01	-4.709184E-01	+1.294813E+00	+1.249585E+00	-1.021256E+00	-8.553936E-01	-9.078509E-02	+1.521916E+00
-5.514363E-01	-1.441148E-01	+8.113874E-01	+5.544077E-02	+7.047992E-01	+2.595898E-01	-1.141797E+00	+3.646713E-01	+1.304594E+00	+9.269652E-02
+9.968610E-01	+4.293211E-01	-4.385710E-01	+1.277567E+00	+1.821667E+00	-4.072876E-01	-2.330388E+00	-1.645224E-02	+4.365125E-01	-8.425934E-01
-1.305580E+00	+1.578477E+00	+3.430905E-01	+3.133590E-01	+9.398007E-01	+3.861283E-01	+9.035329E-01	-1.546181E+00	-8.840112E-02	-1.792920E+00
-7.180873E-01	-7.319125E-01	+5.511598E-01	-3.863626E-01	-7.658334E-01	+1.073520E-02	-1.360906E+00	+2.536347E-01	-1.124537E+00	+5.503009E-01
-9.335594E-01	-5.793783E-01	+1.041671E+00	+4.453804E-01	+1.783697E-01	-1.411994E-01	-1.289439E+00	-4.605227E-01	-5.028713E-01	-2.662789E-01
+1.074097E+00	+1.057452E+00	+6.085011E-01	-3.044528E-02	-1.486400E+00	-7.135715E-01	+2.091328E+00	+4.947608E-01	+1.227445E+00	+3.088632E-01
-1.127695E-01	-1.195746E-01	+8.189284E-01	+2.898598E-01	+3.778744E-01	-1.339675E-01	-3.044889E-01	-6.299099E-01	-1.079955E+00	-4.922414E-01
+1.135068E+00	-3.700047E-01	-1.552909E-01	+9.814194E-01	+7.814924E-01	-1.235290E+00	+9.513442E-01	-2.400336E+00	-3.410581E-01	+3.927420E-01
+2.528106E-01	-8.366303E-01	-6.071282E-01	-8.752177E-02	+2.374047E+00	-1.984146E+00	-1.631561E+00	-3.203747E-01	+7.223548E-01	-1.681955E+00
-2.051123E+00	-2.165291E-01	-1.246923E+00	-1.052197E-01	+3.461134E-01	-6.770649E-01	+3.303798E-01	-1.445088E-01	+1.341703E+00	+4.303680E-01
+1.194394E+00	-1.601011E+00	+8.106840E-01	-1.426279E+00	+6.074904E-01	-6.125180E-01	-3.304261E-01	-5.471924E-01	-5.928342E-02	+6.964248E-01
+2.944771E-01	-1.851974E+00	-4.053386E-01	+4.527694E-01	-1.060241E+00	-3.782288E-01	+3.443402E-01	-4.165966E-02	-4.626195E-01	+4.788105E-01
+1.612046E-01	+8.383211E-01	+1.244165E+00	-2.589116E-01	-1.624060E+00	-8.442784E-01	+1.381333E+00	-2.930706E-01	+1.682122E+00	-3.643829E-01
+3.209529E-01	+4.066715E-01	-1.290984E+00	+1.288753E+00	+1.241621E+00	+4.569658E-01	+2.134443E-01	-3.200266E-01	-9.319526E-02	-9.764910E-01
-2.812235E-02	+8.726039E-01	+1.305353E+00	+9.000239E-01	+1.734302E-01	-2.962683E-01	-2.327230E+00	+2.657698E-01	+5.200515E-01	+9.449989E-02
+3.793870E-01	-2.778919E+00	+1.907687E-01	+6.360942E-01	+1.516628E+00	+3.156837E-01	+3.900242E-01	-1.499583E+00	-1.259893E-01	+6.422274E-01
+3.528563E-01	+1.387620E+00	+9.663447E-01	-1.845141E+00	-6.099116E-01	+1.013965E+00	-1.987544E+00	-4.004189E-01	-4.316319E-01	+4.877880E-02
+1.046134E+00	-1.231275E+00	+7.052934E-01	-5.132825E-01	-3.925153E-02	+4.100424E-01	-3.316849E-01	+3.877125E-01	-1.451530E+00	-7.901022E-01
-3.639179E-01	+8.350458E-01	+1.131273E+00	+1.541554E+00	+1.110690E+00	+2.341680E-02	-1.194329E+00	+3.572393E-01	-6.434809E-01	+1.735855E+00
-1.901957E+00	+5.534338E-01	-9.993745E-01	-1.421450E-01	-2.473080E+00	-7.840521E-01	+5.462751E-01	+5.837876E-01	-1.296377E+00	+8.805741E-01
-9.704571E-01	-4.383746E-01	+1.646166E+00	+4.498690E-01	-3.829726E-01	-8.869891E-01	-1.153266E+00	-5.108043E-01	-6.933716E-01	+1.476810E+00
+1.506203E-01	-6.771761E-01	-6.300406E-01	-5.056346E-01	-5.663681E-01	+2.477332E-01	-1.364391E+00	+6.324784E-01	-7.016124E-01	-1.375103E-01
+2.868543E-01	-3.113304E-01	+8.669601E-01	-1.226389E+00	+7.535021E-01	-5.118311E-01	+4.930935E-01	+9.781680E-02	-1.879684E+00	-7.875029E-01
+1.094426E+00	-3.291642E-01	+4.801338E-01	+8.339323E-01	-1.544550E+00	-6.095903E-01	+1.340143E+00	+1.873930E+00	+6.582568E-01	-4.517521E-01
+2.094526E-02	+9.746192E-02	+2.360755E+00	+7.551490E-01	-4.600104E-01	-7.262725E-01	+4.299478E-02	-1.343507E+00	+5.675364E-02	+4.958225E-01
+2.432220E-02	+2.498515E-02	+5.729133E-01	-1.488116E+00	-7.842069E-01	+1.250656E+00	-2.365051E-01	-3.759130E-01	+1.183528E+00	+3.776183E-01
+2.552223E-01	-1.371945E+00	+1.508824E-01	-6.805130E-01	+1.322882E+00	+1.128455E+00	-5.894881E-01	+1.189789E+00	+9.123661E-01	+2.022186E-01
+7.016037E-01	+2.260837E+00	+5.520635E-01	-5.986752E-01	+5.742063E-01	-8.510362E-01	+4.577418E-01	-1.134254E+00	-8.241732E-01	+7.158801E-01
-2.540868E+00	-1.303496E+00	+1.976545E+00	-3.334116E+00	+3.080850E-04	+3.138225E-03	+6.959930E-01	+8.718549E-01	+3.434438E-01	+5.034969E-01
-1.304943E-01	-1.675797E+00	-1.701298E-01	+1.023932E+00	+6.954444E-01	+1.374345E-01	-1.791629E+00	+1.049456E+00	-3.098597E-01	+1.064918E+00
+6.291905E-01	-1.644658E+00	-1.118615E+00	+2.743729E-01	+1.871098E+00	-1.015753E+00	-4.076682E-01	-7.712302E-01	-1.398458E+00	+1.140919E+00
-5.915607E-02	-3.472606E-01	+1.563100E-01	-1.580217E-01	+3.581642E-01	-3.669944E-01	-1.346724E+00	+1.769293E+00	+8.311319E-01	-1.959922E-01
+9.303658E-01	-2.079572E+00	-6.513683E-01	-1.642105E+00	-1.125377E+00	-1.845096E+00	+7.542916E-01	+1.471260E+00	-1.143708E+00	+1.470872E+00
-2.719440E-04	+9.753693E-01	+3.890014E-02	+3.221999E-01	-4.523791E-01	+6.630052E-01	-2.146936E+00	+6.085063E-01	-1.380142E+00	+1.595667E+00
+7.389835E-01	+1.489406E+00	-6.916451E-01	+6.906840E-01	-3.238861E-01	-2.321018E+00	-2.091427E-01	+2.571232E-01	-1.160680E-01	+8.747390E-01
+2.148418E-01	-2.804090E-01	+1.458760E+00	-6.245858E-01	-2.979533E-01	+1.602081E+00	-5.653940E-01	-1.256650E+00	+5.133464E-01	-1.459612E+00
+9.814066E-01	-3.063751E+00	+1.329573E-01	-1.225002E+00	-5.963443E-01	+9.653711E-01	-7.958171E-01	+2.144535E+00	+1.327884E+00	+1.619289E-01
-1.792211E+00	-4.880721E-01	-1.833684E+00	-8.982013E-01	+1.823552E-01	+9.470662E-01	+4.842699E-01	+1.486617E-01	+3.652488E-01	+8.989386E-01
+2.808578E+00	+3.974467E-01	-1.131105E+00	+1.104023E-01	-1.237338E-01	+4.135018E-01	-7.631179E-01	+2.095102E-01	+2.649152E-01	+4.879091E-01
-1.970572E-01	+1.044780E-01	-9.113815E-01	+1.900179E+00	-9.242171E-01	+1.777742E+00	-2.339537E+00	+1.551766E+00	-1.098971E+00	+6.628076E-01
-4.311964E-01	+9.306431E-01	-7.420296E-01	+1.521607E+00	-5.853569E-01	+8.573672E-01	-9.550416E-01	+5.631616E-01	-4.747458E-01	+5.624169E-01
+6.957476E-01	-2.006821E-01	-2.008896E+00	-1.329512E+00	+9.634893E-01	-1.371865E-01	-8.103030E-01	-1.605610E+00	-1.136469E+00	-5.223028E-01
-2.405795E-01	-1.983588E-03	+1.463350E+00	+5.653676E-01	-7.953055E-01	+1.576328E-01	+3.022497E-01	+6.646577E-01	-7.820955E-01	-6.411285E-01
-1.357644E+00	+1.219615E+00	+1.063272E+00	-1.026699E+00	+3.681940E-01	-4.811964E-01	+9.367129E-01	+4.779687E-01	+6.100778E-01	-1.229947E+00
+9.319558E-01	+2.052908E+00	+6.581580E-01	+8.567396E-02	+6.380507E-01	-8.788970E-01	-1.205475E+00	+8.400160E-01	+1.249923E+00	-4.862935E-01
+1.686171E+00	+3.809094E-01	-6.247646E-01	-7.406727E-03	-2.735636E+00	+2.369991E+00	+6.916198E-01	+6.471409E-01	+3.809240E-01	-2.904339E-01
-2.064671E-01	+1.904266E+00	+1.322379E-01	-8.651599E-01	+7.314968E-01	-1.478824E+00	+1.294614E+00	-4.268985E-01	+1.023999E-01	+8.752411E-01
-7.299585E-02	-3.651129E-01	+1.415282E+00	+4.232688E-01	+1.357956E-02	-1.266233E+00	-6.427510E-01	-5.569959E-01	+2.471308E-02	+5.285092E-01
+3.696176E-01	-1.151082E+00	+3.310571E-01	-1.388895E+00	+8.511813E-01	-5.860386E-01	+5.945988E-01	+7.529538E-01	-6.334926E-01	-3.529837E-01
+1.011113E-01	-2.390677E-01	+4.667479E-01	+3.687933E-01	-2.737705E-01	-1.065001E+00	-4.289343E-01	+1.530063E+00	+1.098882E+00	-3.424544E-01
-1.158532E+00	-2.677434E-01	-3.903639E-01	-9.537517E-01	+4.216555E-01	+8.373717E-01	-1.468647E+00	+5.847455E-01	-4.846942E-01	+7.669884E-01
-1.264379E+00	-7.730341E-02	+6.902803E-02	-1.115158E+00	+9.710388E-01	+1.084919E+00	+6.638202E-02	-1.529774E+00	-4.704340E-01	-7.653105E-01
-3.813202E-01	+2.201280E+00	+9.665581E-01	+8.581901E-01	-1.103564E+00	-1.701267E+00	+9.252556E-01	-1.331083E+00	+4.704561E-01	-9.487444E-01
+6.667060E-01	+7.455516E-01	+1.303098E+00	+8.211463E-01	-1.175069E+00	-1.089260E+00	-1.051207E+00	+1.309915E-01	-3.424017E-01	-2.637962E-01
+1.956157E+00	-6.594910E-01	-6.422026E-01	-6.367965E-01	+3.765072E-01	-5.440440E-01	+1.734366E-01	-1.785394E-01	+3.884626E-01	+1.368007E+00
-1.164082E+00	-1.838641E-01	+1.385321E+00	-7.648941E-01	+3.559689E-01	+2.048038E+00	-5.283855E-01	+6.847900E-01	+6.674452E-01	+1.496375E-01
-2.794400E-01	-1.485447E-01	-2.266715E-01	-7.834059E-01	-7.848742E-01	-1.007450E+00	+1.743241E+00	+2.796021E-01	-1.135399E+00	-1.401424E+00
+6.691860E-01	+1.712462E+00	-2.677934E-01	-6.065770E-01	-1.957823E-01	+7.670358E-02	+1.409466E+00	+1.827047E-01	-4.132256E-01	-4.815340E-01
-6.527619E-01	-9.587019E-01	-5.077301E-01	-7.998211E-01	+1.654939E+00	+8.830276E-01	-7.925884E-01	+2.508165E-01	+1.215523E+00	+1.036723E-01
-2.229036E-01	-1.175325E+00	-4.352236E-01	-7.248217E-01	-7.616112E-02	-1.353101E-01	+2.672622E-01	+1.496181E+00	+7.595711E-01	-2.415183E+00
-5.030770E-01	-2.419405E-01	+2.100151E+00	+5.520234E-01	+7.501488E-01	+8.765104E-01	+1.615857E+00	+1.681855E-01	-2.786940E-01	-1.468583E+00
+1.013308E+00	-2.610802E-01	+1.516891E-01	+1.624016E+00	+4.497209E-01	-5.402981E-01	+1.260113E+00	-1.401573E+00	-1.101201E-02	+3.678148E-01
+6.488348E-01	-6.938917E-01	-1.078477E+00	+3.821536E-01	+2.073657E+00	-1.263288E+00	+4.663434E-01	-1.529496E+00	+6.775643E-01	+7.457979E-01
-1.950944E+00	-7.634728E-01	+6.135804E-02	-1.527492E+00	+4.852962E-01	-1.192415E-01	-4.761619E-01	+4.955905E-01	+6.735259E-01	+1.551290E+00
-3.296438E-01	+4.091379E-02	+1.364289E+00	+6.350108E-01	-2.188127E-01	+2.463909E+00	+4.629940E-01	-1.205305E+00	+1.844313E+00	+1.942533E-01
-1.931947E+00	+2.519062E-01	+5.862718E-01	-2.072713E-01	-6.718431E-01	-7.047313E-01	+7.397451E-01	+7.344113E-02	+1.324508E+00	-1.302893E-01
+3.698708E-01	-3.982398E-01	+1.577908E-01	+1.140976E-01	+1.016247E+00	-6.498374E-01	+4.333113E-01	+1.185116E+00	+9.288920E-01	+1.036427E+00
+1.725030E-01	-1.027408E+00	+2.878364E-01	-4.524841E-02	-7.760169E-01	+9.783267E-02	-1.960989E+00	-8.742279E-01	-1.558746E+00	-1.320570E+00
+5.066006E-02	-1.600874E-01	+2.667278E-01	+1.355864E-02	-6.036615E-02	-7.824490E-01	+2.078881E-01	+1.110373E+00	-1.508005E-01	+2.150044E-01
+1.986264E+00	+9.363225E-01	-6.985658E-01	-2.960992E-01	-2.048033E-01	+2.099070E-01	+3.873572E-01	+7.874744E-01	-8.901023E-01	+9.524166E-01
+2.212580E-01	-1.756248E-01	+7.028548E-01	-7.467569E-01	+2.914584E-01	+3.893167E-01	+1.747285E-02	-4.522064E-01	-5.924435E-01	+2.136863E+00
+5.371310E-01	-6.388232E-01	-2.516120E-02	+7.654121E-01	-5.018665E-01	-8.682755E-01	+2.290786E-01	+7.672497E-01	+4.645449E-01	-1.532851E-01
-1.128889E+00	+1.540113E+00	+1.137185E+00	+8.441292E-01	-5.080233E-01	-8.137765E-01	+6.346448E-01	-9.741233E-01	+1.155639E+00	+2.203810E-01
-1.438800E+00	+3.870334E-01	-6.352624E-01	-1.439390E+00	-8.764778E-01	+8.816946E-01	-8.132571E-01	+1.121212E+00	+2.618490E+00	-3.782158E-01
-8.442001E-01	-2.060016E-01	-7.527648E-01	+4.179007E-01	-3.573162E-01	-5.756393E-02	+1.580989E-01	+8.383771E-01	+1.990862E+00	-7.383101E-01
+3.366008E-02	-7.080844E-01	-1.424386E+00	-1.524884E+00	+1.128876E+00	-8.054076E-01	-6.048940E-01	-1.136096E+00	+8.675385E-01	+4.146370E-02
-8.475542E-01	-1.390683E+00	+8.119026E-01	+6.139950E-01	+1.328164E+00	+1.056200E-01	+5.472254E-01	-9.509539E-01	-1.208603E+00	-3.564546E-01
-2.382020E-01	+6.061991E-01	+3.921390E-01	-3.735196E-01	+1.896267E-01	+2.903545E-01	-2.248074E+00	-4.984091E-01	+7.725234E-01	+3.258404E-01
+2.131633E-01	-3.793555E-01	-1.158444E+00	+5.104743E-01	+2.799566E+00	-5.004409E-01	-3.179957E-01	-8.399323E-01	+2.183344E+00	-7.627028E-02
-1.456878E+00	+1.781911E-01	+4.327883E-01	-7.805585E-01	+1.344775E+00	+1.312906E+00	-1.329806E-01	-8.030296E-01	+6.448691E-01	-6.090799E-01
-1.461716E+00	-8.141694E-03	-4.573330E-01	+7.673774E-01	+8.834228E-01	+1.518080E+00	-2.301112E-01	-6.189055E-02	+8.748459E-03	-7.479036E-02
-2.515414E-01	+9.423252E-02	+1.093551E+00	+2.820913E-01	-1.208138E+00	+1.492804E+00	+5.474349E-01	-3.727411E-01	-5.459787E-01	-1.188923E+00
+1.152934E+00	+1.166518E+00	+6.758961E-01	-9.142504E-01	-2.470909E+00	+7.482343E-02	-1.080917E+00	-1.264189E+00	-3.162895E-01	+1.429127E+00
-8.955760E-01	-7.903129E-01	+1.691346E+00	-3.542213E+00	+2.719543E+00	-1.335670E+00	+1.082142E+00	+5.417673E-01	-4.294450E-01	-1.497179E+00
+1.256130E+00	+4.064324E-01	-8.056568E-01	+3.755986E-01	-1.292167E+00	-7.710728E-01	+4.200982E-01	+7.044582E-01	-7.132523E-01	+2.279206E+00
-6.339205E-01	-1.214844E+00	-6.155665E-01	-1.523779E+00	-6.374363E-01	+1.535712E+00	-4.895821E-01	+5.439829E-01	+5.045098E-01	+7.004219E-01
+7.610669E-01	+1.356671E+00	-5.123510E-01	+1.257564E-01	-2.724261E-01	-1.110223E+00	+3.951001E-01	+1.313912E+00	-5.413144E-01	-6.495146E-01
+1.026745E-01	-7.111097E-01	+4.531574E-01	+2.699821E-01	+2.883964E-01	-1.878955E-01	-1.888017E-01	-7.204578E-01	-8.251747E-03	+6.284831E-01